92.690562
98.071951
90.827722
95.257986
93.100515
95.8249
88.833656
90.782928
94.237147
58.557914
87.556442
95.116337
31.179604
27.021262
40.98084
20.578652
94.416643
94.626088
12.957342
72.70721
99.720583
12.608425
15.1217
66.577328
52.33917
97.422058
27.290507
20.717343
19.113266
95.3605
14.164324
22.600664
16.578233
16.578233
17.142373
14.230461
92.09227
11.165688
17.481523
16.145103
92.09227
24.77449
61.015779
8.85506
10.866766
14.616913
97.54806
99.370252
15.086711
20.884867
92.812963
8.062606
93.759229
7.70727
8.643967
5.815335
5.815335
91.133856
4.96006
74.152495
84.726554
54.379782
8.643967
24.246747
12.690901
9.297916
10.370386
10.036122
5.452017
10.711617
9.428315
6.338954
17.165032
4.567105
4.758874
5.556829
4.96006
9.428315
95.050927
10.042553
11.443835
97.322668
84.078935
88.721193
92.430003
79.381667
79.555818
34.928338
33.345384
54.208826
80.020529
37.464517
60.611156
29.657597
81.073292
42.002173
83.071505
30.357281
85.046982
83.693425
28.969757
99.464011
72.746568
99.034882
85.642114
89.615016
92.36603
68.019469
82.798815
95.639114
28.300484
97.586894
56.482528
68.865454
74.585885
57.971242
78.5653
90.682921
72.503032
39.210452
34.583135
33.078393
66.448364
90.208684
63.254336
73.822162
79.737864
87.050292
55.835049
35.957858
31.687245
25.759964
40.367226
22.745606
44.090243
24.525817
81.308026
29.646523
22.174731
74.719932
97.464445
12.34943
27.021886
9.231118
70.228025
8.565893
51.686296
7.98388
49.97112
91.253364
22.947635
7.46942
55.15378
6.81459
5.473074
5.268034
5.009053
4.681093
4.933706
10.848375
99.93189
99.949008
99.925521
95.369726
73.423352
76.819532
84.392165
99.369071
67.142307
57.542981
55.300559
62.494271
77.023929
48.642937
50.175691
99.369071
99.925521
99.93189
99.949008
44.60548
90.504156
95.369726
84.392165
47.064782
73.423352
55.300559
67.142307
62.494271
57.542981
50.175691
48.642937
47.064782
44.60548
90.504156
93.018738
92.549338
90.117311
91.98337
86.870953
38.965948
16.357767
11.258962
29.594138
10.737546
9.384904
8.641261
8.308983
8.000099
9.801748
65.622532
99.002447
99.510957
98.367803
64.941443
97.508385
95.565163
88.116873
91.430945
88.381154
87.441333
88.423289
83.883996
64.992876
77.686124
87.015665
44.479586
30.525001
84.126118
75.754474
93.538585
67.261648
88.459988
58.747003
56.151204
92.649475
80.092705
21.808067
86.728018
81.568833
43.931899
80.407468
49.945355
46.444452
83.184567
85.774811
92.46509
19.068234
82.70732
84.195378
37.016021
40.857431
34.870472
14.656011
79.830858
80.036239
62.174312
71.333284
33.890402
78.049717
33.890402
57.391082
62.225353
36.463416
52.557356
14.962664
12.375275
23.813714
10.813928
9.149817
9.927938
8.464565
44.273626
8.15266
7.860316
94.97477
96.613975
94.870622
95.633646
94.354708
79.787312
90.952329
92.341213
75.674502
87.211574
73.723245
68.017112
79.032553
65.123958
61.702593
86.540743
81.714196
69.47492
93.618514
66.216762
24.636746
12.564855
57.296845
13.251662
8.28679
6.908586
7.672799
7.145382
77.001941
5.423463
5.210885
99.801656
44.993768
99.742588
5.672236
99.485375
69.849561
24.759015
97.453151
88.538159
45.938924
25.636244
26.588973
22.480586
28.69746
18.98028
20.592226
21.399912
63.244972
23.944847
77.597516
79.029005
77.547763
28.053114
20.592226
51.538297
15.549473
13.348599
12.721649
12.140864
11.866311
11.348195
10.410436
8.121944
11.101008
7.383388
82.352584
75.563645
7.177915
74.540552
14.756722
75.732143
75.810355
52.08805
37.648455
76.670892
18.739798
74.781842
16.404515
15.885706
13.206758
9.224038
7.276358
13.206758
14.026507
7.777209
18.739798
9.005649
99.078476
8.418058
85.133299
68.296873
89.3008
75.137225
95.21495
96.870737
65.373629
75.636546
74.003021
58.312391
71.746482
75.563645
49.408177
41.253455
46.573701
74.436935
37.200602
37.974599
37.974599
81.169487
99.516575
99.732704
99.281229
96.472219
97.704558
77.309003
80.980814
78.217846
87.506832
75.098398
90.681407
85.565127
57.797119
79.853181
94.748282
48.130252
63.789497
89.108766
53.050196
64.853628
93.312245
69.541748
94.334903
70.499954
44.264732
84.04187
38.103058
39.623142
34.382376
31.499439
32.926529
87.209783
93.169332
97.787291
74.757139
30.796443
33.299362
58.959551
14.017536
11.302821
10.938959
9.188564
97.879509
72.170191
99.942116
99.957999
7.074548
99.950056
7.544135
25.390768
99.963389
9.434739
7.074548
99.555111
77.014764
95.529747
69.964722
76.500152
72.296343
76.008937
81.899903
9.980378
93.840627
12.53567
66.288508
63.552741
62.177525
58.629988
56.347136
97.750654
98.309173
99.963389
99.957999
97.037072
95.529747
99.555111
96.486645
81.899903
99.942116
98.180418
76.500152
95.740412
99.950056
97.746411
72.296343
69.964722
98.502414
96.701741
66.288508
62.177525
63.552741
98.40288
58.629988
56.347136
94.935714
97.750654
96.645603
94.337429
93.405783
95.107225
91.777777
77.811774
25.054595
86.871014
76.302684
94.360695
95.285187
17.330544
13.269209
11.801816
12.256328
77.242044
12.745804
15.08782
89.558288
99.465147
99.627763
94.334397
98.582922
99.090462
28.193323
97.899272
99.300822
92.361872
82.206699
71.137995
90.19885
87.351231
41.733008
59.339289
49.135989
37.162099
95.392107
96.11367
91.990869
93.977241
97.367892
88.864164
69.676151
63.374471
44.845108
51.608829
87.261637
61.719703
58.314321
43.727397
73.391662
89.912187
54.027994
90.183608
47.947781
49.353277
77.416703
59.375601
45.458441
37.243124
26.689571
69.457684
20.521632
17.955477
13.957274
12.910289
97.595726
97.721636
11.976971
11.150257
96.139117
96.487282
97.458814
15.780789
52.416952
94.580871
94.017628
90.135604
93.598895
91.790932
88.561407
87.699222
84.016812
76.797052
75.697667
94.758733
95.476662
87.241753
97.937471
80.154473
69.853717
63.564554
44.24855
33.977306
98.354902
20.223431
15.032102
10.829876
10.108996
9.784537
98.334157
9.206199
7.732939
11.23038
62.1524
99.740329
97.63433
99.419339
97.066552
96.503132
76.511075
27.347094
17.010028
48.163862
24.920551
69.632109
27.347094
17.563766
18.786335
98.030439
94.176127
98.482393
94.664188
15.534793
15.534793
78.123939
21.018284
97.340974
11.589826
44.191078
94.888879
96.678791
17.923191
95.764844
15.673419
97.944041
11.63828
9.245937
23.278381
63.18162
9.471293
8.239675
7.718208
10.202949
9.471293
6.212843
5.302484
10.74147
76.607098
98.368549
19.032842
58.296342
25.686417
14.049002
11.849342
10.757537
6.639411
10.104595
10.104595
6.799763
4.894132
5.846025
12.66562
5.101125
98.538079
97.541809
95.55333
89.828877
81.413423
63.271727
48.507189
10.757537
30.258266
34.742528
75.880978
30.258266
39.838518
37.218934
32.420838
85.893994
32.420838
55.823934
5.37552
99.103426
96.861924
94.068139
98.521918
83.632638
79.520839
67.592042
75.695488
56.382677
62.27331
37.418567
42.157559
35.87327
89.797903
87.73794
80.770042
65.483339
8.620847
86.371445
97.063171
74.372499
46.510822
42.03616
99.631578
38.315891
96.153003
58.201103
33.230104
30.449312
29.767549
27.124438
26.48468
52.361602
23.423605
24.614393
90.970126
97.016727
64.015162
37.702758
9.864145
13.759046
8.255077
7.990442
9.158792
99.938983
95.65441
11.575988
5.642311
5.451633
99.851233
5.86211
7.511817
99.948572
5.014392
76.992576
98.551528
68.68031
97.222702
99.95586
98.368556
85.293097
60.033426
57.038789
5.285115
48.832635
47.194571
91.090404
98.721292
95.65441
99.851233
99.948572
52.670198
50.398861
99.938983
99.95586
64.988845
85.293097
95.386772
76.992576
96.707685
68.68031
91.532407
57.038789
52.670198
50.398861
97.372458
48.832635
60.033426
47.194571
95.059052
91.090404
95.596997
58.825709
11.516615
16.48803
15.596467
31.239331
92.490242
98.020618
10.519517
10.07406
9.276752
97.528798
88.730115
93.762646
9.661817
8.920291
93.194579
99.198178
98.293595
99.466045
83.048556
97.379501
64.988845
95.442318
90.95297
94.116132
88.696872
85.633864
76.733955
29.91826
45.961095
21.525397
63.839405
20.158031
90.691025
15.568058
93.131922
94.832184
74.670192
81.178422
43.318546
39.872675
56.128576
91.361715
93.59483
73.022612
44.858425
96.762693
35.988132
51.722138
61.296533
36.493705
48.193186
37.02021
66.273066
79.030472
67.329042
50.745134
70.640348
33.714292
63.884978
13.891174
16.773867
10.673155
96.175523
9.842674
12.1323
8.456339
27.272061
97.359679
96.846075
46.038121
95.310281
95.922532
96.043164
94.715441
94.632906
90.276353
8.456339
78.737048
91.797119
86.606118
93.6305
8.772044
97.528798
73.197276
75.219516
77.912807
97.299116
66.962194
65.37944
87.352998
93.97886
82.78903
78.326411
60.505143
69.999516
26.128004
11.558386
7.931845
14.159457
17.641126
5.586512
51.768509
90.926012
82.484603
95.714776
96.38187
97.252462
6.081776
98.040052
86.220523
87.520711
92.079509
85.659504
93.592526
7.406596
43.808711
95.929345
99.09601
90.922237
5.942679
90.343546
93.95266
98.054694
83.919053
98.680058
92.92224
8.224979
43.808711
40.016302
43.808711
40.016302
75.66403
29.325253
36.258016
94.242505
29.325253
99.682038
97.486686
93.608909
98.291165
93.121734
96.277372
72.493004
93.629456
90.336558
99.418993
94.823226
93.105258
94.602096
89.012146
96.377324
87.74666
97.006199
98.189642
84.730838
97.777674
92.791734
95.992658
26.293489
90.874386
74.951982
98.063513
98.063513
76.984167
38.374321
90.18582
36.258016
55.642626
84.634206
42.53553
82.549805
42.53553
82.477815
34.470536
30.961088
98.377531
86.853176
98.134256
80.007164
77.14818
34.470536
93.745061
34.470536
97.962052
97.136402
80.754319
98.031673
86.904467
96.78681
95.793217
81.86843
76.984167
84.957086
97.969688
99.368481
96.664922
92.840983
80.717774
92.244291
80.717774
75.513233
94.817506
90.518576
76.918347
90.066205
91.3998
95.244336
92.771249
67.936909
72.186978
87.483986
86.748148
86.092794
85.492398
55.970039
40.665965
91.447724
90.162736
48.520304
82.872597
94.576873
88.352817
55.970039
65.241295
55.970039
85.288376
71.3887
92.916602
93.419129
87.275034
95.361773
94.02921
96.771937
58.711503
80.717774
97.871387
96.385166
45.449184
97.623318
98.520575
98.900957
43.335722
43.335722
98.42706
37.455009
98.312571
96.47112
39.335746
95.625108
95.166638
37.455009
93.661584
35.617427
35.617427
33.851407
90.85217
60.933074
98.121682
95.165837
93.726778
97.169947
93.336841
96.775306
94.906781
93.405823
94.043132
88.049138
97.654347
98.445919
88.049138
95.837828
96.541663
85.649164
85.649164
82.717576
94.231649
93.338904
81.110682
91.904652
97.989449
91.72128
82.717576
94.270485
98.469606
94.361477
82.717576
96.9433
93.657003
95.182268
84.908503
79.387946
97.704833
79.387946
91.890151
98.569518
98.65278
98.569518
98.645289
82.487432
96.166547
96.463815
96.737929
97.940663
75.071525
46.081875
50.521459
93.805408
95.517107
87.812398
40.301442
49.011993
96.621009
97.083025
40.301442
88.907447
96.376829
95.476536
91.978579
37.488146
85.789702
34.698251
85.631192
87.499827
36.102408
97.940663
38.891941
94.186159
33.326642
33.326642
87.418256
81.477482
99.980839
82.860393
53.569794
99.980839
97.982393
99.967157
78.953095
99.980839
99.66438
83.261584
98.733849
98.507683
97.943817
99.472949
95.702393
97.440056
94.459033
95.793587
98.425116
97.943817
93.111827
91.010657
91.705205
84.959429
84.31105
88.753793
82.134042
96.790914
84.26524
93.005074
85.568102
95.329269
78.688779
94.60197
99.745486
70.784675
96.790914
96.579061
96.790914
70.784675
82.030349
95.490083
70.784675
78.688779
93.553766
78.594002
96.871107
94.360786
68.16894
92.811659
90.965032
94.88519
81.80169
63.371353
98.972701
63.371353
92.254044
96.394743
98.070328
61.131121
99.216861
97.714678
96.891234
93.52541
94.880288
93.619323
59.003619
92.764147
57.038097
57.038097
55.165623
97.716362
91.796268
53.386263
65.720002
95.329269
59.003619
92.686894
85.568102
92.706425
91.886714
70.784675
95.258413
70.784675
95.705442
70.784675
96.574062
91.292735
91.776132
90.107621
93.895336
97.962758
95.949603
97.492056
97.788978
91.772747
90.804606
68.16894
89.233089
63.371353
63.371353
61.131121
57.038097
88.717244
90.736563
59.003619
96.088488
80.419699
53.386263
93.570931
65.720002
80.791714
55.165623
97.861216
93.570931
99.017072
79.258778
96.371253
92.909252
97.892381
93.423981
93.825446
91.311953
90.637517
89.024406
87.397815
88.344125
86.552484
91.590604
89.975169
91.590604
88.88824
85.487243
87.421137
59.003619
88.176674
96.686629
84.306448
83.872774
82.133683
84.306448
92.166075
87.421137
100.0
84.413246
92.630573
96.713019
95.304685
91.017964
94.250993
92.701368
98.870983
94.055531
98.096934
100.0
85.543653
99.998905
94.970366
88.682562
57.038097
93.570931
79.614059
78.916128
100.0
82.802375
82.750315
99.927774
76.36885
99.31102
97.617139
97.387057
98.022672
97.387057
97.387057
97.11879
97.617139
97.617139
63.127638
74.668353
70.029705
71.364519
96.413137
61.462323
88.355538
97.11879
86.856582
99.881867
94.378555
72.327634
65.005126
98.26712
91.487443
97.054694
75.532597
98.117346
90.758052
66.918764
96.615317
55.686059
95.51149
55.686059
48.613296
45.08888
48.613296
94.572455
50.388617
46.840303
41.611053
92.559553
93.211857
90.772591
92.284658
38.262407
39.903251
91.002576
97.626554
92.02499
94.901293
91.751229
38.262407
81.382178
92.781727
82.448703
88.657382
52.157969
78.353596
77.362484
91.206993
80.925278
80.304582
91.612991
82.448703
84.77056
74.979687
83.253405
92.755474
75.556034
73.887309
90.665657
70.095955
72.077861
68.001415
72.616949
78.838591
94.355851
73.887309
72.806241
70.281349
63.390269
70.815935
93.596536
82.621066
58.482319
69.269406
65.736798
90.029196
74.022374
78.00005
92.463159
81.541278
94.949184
76.878523
92.921451
53.472078
95.087549
95.276792
96.895836
94.496158
97.879417
94.131837
93.365712
92.780721
99.085131
96.528994
92.35624
93.048423
92.176908
91.502495
96.731699
89.849012
88.487274
94.759554
91.952148
95.990094
84.944046
94.211623
91.639463
92.680457
88.152836
83.891683
84.944046
94.593813
82.772686
90.158764
81.555843
97.637776
95.336358
92.987251
92.35624
94.744155
91.800146
96.41839
94.264478
97.466763
93.47993
96.814004
96.814004
90.012882
90.411721
85.489194
88.235465
85.489194
88.984202
93.236074
80.909808
84.020206
87.068425
90.142336
85.444647
86.067432
85.405748
72.166439
86.84919
74.032576
66.071894
68.203309
87.507948
70.245051
99.937398
84.503455
71.072082
68.455643
70.802005
90.636942
66.300411
94.296687
80.92024
99.630805
99.830854
67.546364
99.866971
69.270094
99.08296
98.698187
99.908387
98.910131
99.08296
66.300411
62.50285
64.433164
61.003474
67.984954
77.752504
97.373388
60.497274
98.698187
91.882315
97.373388
98.154342
98.698187
54.395876
97.373388
99.08296
58.685679
70.49874
100.0
99.999874
76.917692
78.064567
74.840265
72.376194
99.999497
98.930316
98.020615
97.795256
97.602436
97.602436
82.540846
82.288597
80.221746
81.98131
53.900748
97.602436
81.048268
95.752822
93.622388
82.533296
91.882315
95.752822
79.936522
80.395949
79.043396
95.07253
77.555821
97.795256
78.020164
99.999874
81.648194
99.999623
99.960393
65.391238
61.799543
96.030759
97.716283
67.119547
98.428864
98.844707
68.613883
69.994248
71.048738
97.444283
98.038142
99.989812
98.428864
96.28197
96.657852
97.178781
69.520244
96.912595
96.912595
70.751869
71.510374
71.285923
71.505493
71.164642
71.285923
71.225303
71.122141
96.912595
79.180599
97.178781
70.304644
79.9138
98.038142
88.793798
99.661654
99.725913
79.533287
91.35997
89.691091
97.786114
97.132238
95.867598
94.181187
96.232093
97.338728
93.637967
93.059347
93.637967
96.689844
97.142433
95.764122
95.171127
69.222686
66.508634
94.547611
94.268298
89.337358
93.663938
91.745506
93.059347
90.148121
93.955087
91.745506
92.691639
90.148121
95.842741
93.637967
92.043833
97.325857
85.321763
74.035025
92.838284
99.687773
93.637967
82.922825
99.277341
99.765709
88.932201
47.564944
99.42136
65.570979
92.7897
96.296106
95.580785
99.195215
68.32992
96.997783
97.097026
46.913227
98.874211
98.445806
48.2115
98.874211
95.97418
96.159373
98.602827
46.296411
94.665142
95.261642
94.346248
93.367407
98.602827
98.445806
93.047379
98.267781
92.407236
98.267781
98.066803
97.023214
92.093647
86.605317
97.847856
98.602827
92.80853
44.256731
99.832609
74.035025
95.729215
99.849411
45.75177
96.329104
89.667859
82.49312
96.280031
97.05294
94.421399
76.699459
95.040673
95.603301
78.761034
84.212455
83.361837
94.085254
75.647063
92.892211
73.422264
72.246345
92.548538
73.422264
97.034032
91.921435
72.246345
91.680966
99.99912
99.992705
99.959514
80.094659
90.046385
99.985411
99.971329
94.608155
93.915975
99.899724
99.899724
99.79326
99.776728
73.782181
94.895406
99.925214
94.709747
94.859513
92.998817
99.985411
99.865967
99.999874
77.53703
99.776728
74.554696
99.827344
99.977741
99.976232
93.946021
94.466779
87.836065
93.499652
99.827344
92.306057
92.456816
99.887172
99.946193
99.708652
73.626478
98.887001
98.407665
83.901587
96.807232
88.770649
76.656971
99.899724
99.879015
94.608155
94.166864
90.85003
99.535504
95.47446
97.807529
99.266929
95.700551
98.887001
96.246008
81.992463
99.266929
98.887001
98.407665
96.218289
96.198265
98.407665
98.887001
99.977741
99.946193
99.976232
95.908242
80.263412
95.191331
93.722056
99.887172
95.450898
94.846998
81.043297
78.632369
82.779851
86.692312
99.708652
97.807529
98.887001
89.69229
82.709285
98.407665
83.069905
95.810385
96.63791
78.289561
99.535504
93.045251
85.450743
96.756598
96.946162
98.887001
99.266929
76.24303
98.887001
96.924251
98.407665
71.509124
99.266929
72.805791
98.407665
79.363962
98.887001
98.782561
74.876594
96.507277
98.52926
96.349194
99.214526
95.221886
95.823714
95.221886
85.841077
94.54059
98.588521
83.962467
98.689856
85.005682
92.049927
90.615041
93.299937
93.416167
98.557232
93.14272
92.968862
98.588521
98.446538
98.479586
98.371013
98.154948
97.936451
92.745756
69.691456
97.638876
78.087243
99.999748
97.747881
92.221463
98.557232
99.997233
92.749122
99.998868
98.503624
91.513035
99.999748
92.968862
91.905565
93.416167
93.565089
92.745756
99.999748
89.044569
86.678996
92.153199
92.878815
93.248401
93.295178
99.854803
93.169835
99.581011
99.657407
99.621941
99.621941
99.581011
99.539742
99.581011
92.895651
99.581011
99.657407
100.0
97.410851
76.820261
92.388003
92.094451
71.473756
97.781063
92.895651
95.825996
91.75294
73.447638
94.039702
91.406961
93.359864
97.410851
87.802172
92.922653
92.349386
90.653707
93.053382
91.919746
92.094451
93.075798
92.832887
92.985352
89.804499
90.567495
89.804499
91.923086
87.280428
87.280428
84.548123
92.340169
86.39867
85.482218
98.519248
76.565887
93.568316
76.772303
92.340169
75.026173
91.465888
74.215946
74.193385
97.299858
91.134569
97.448344
90.75211
75.855378
72.137516
89.911359
73.704163
76.669808
97.146956
93.040236
92.340169
75.403237
72.091376
74.982978
96.815819
66.762052
73.398232
67.786266
66.28254
73.85352
96.442336
96.442336
92.107567
96.040387
70.479634
95.064117
95.064117
94.764283
96.815819
96.040387
96.631653
67.786266
95.064117
99.012128
98.942259
65.751957
63.00642
98.829593
76.306801
62.447851
59.648959
53.084422
52.804417
91.360448
69.353772
78.78536
80.631419
79.826557
98.541229
82.143037
98.829593
98.829593
98.799747
98.327821
83.301371
82.978723
98.47617
98.642099
95.819759
93.791176
89.672649
98.726255
60.672611
98.327821
81.584167
98.799747
99.988681
80.084913
79.114234
98.051805
98.595612
95.449109
98.051805
78.632202
99.337753
76.442063
75.879971
77.582947
75.879971
68.913788
77.582947
97.310286
69.285827
99.753567
99.251314
99.55071
83.446533
98.789557
71.070295
71.718646
98.789557
98.624356
97.443688
98.624356
98.42594
97.961673
99.337753
70.038876
72.664973
97.372434
97.685906
72.679537
72.692703
72.661255
99.830875
99.050616
99.830875
72.65922
99.251314
72.679537
72.692703
72.661255
93.92995
72.16143
99.205702
99.337469
98.840583
99.606788
99.045347
96.524514
98.840583
93.411789
97.272272
84.048816
72.363969
72.505289
98.351021
98.351021
96.77875
96.987151
98.031869
97.593267
89.923494
98.031869
97.202672
97.202672
97.370537
97.240307
96.218127
96.677255
96.482557
99.045347
95.965109
100.0
95.519488
99.988148
95.003532
95.003532
94.437814
99.73416
95.998168
98.772564
99.999855
95.998168
93.548088
79.74842
97.608582
95.749045
93.377437
96.445704
95.781638
84.869209
95.749045
95.526268
97.38443
87.938704
93.388318
95.749045
96.906203
97.72578
95.749045
94.787812
97.345309
96.988624
95.465629
97.045864
96.516752
94.381369
99.998988
99.999711
94.485242
95.572296
95.309396
93.886505
96.126649
99.455572
94.444977
97.072009
93.204895
97.5117
97.382738
98.673665
97.317658
98.673665
84.47063
96.176202
97.628638
96.176202
90.962172
93.477675
96.176202
95.538272
98.673665
97.093932
99.860416
96.535593
93.955547
97.382738
95.273045
96.784859
92.351275
97.451303
96.176202
96.859153
96.837776
96.465877
99.131496
92.851021
97.33403
97.22295
99.830299
96.048677
96.048677
95.295286
95.0
96.646629
96.098581
97.251181
96.312787
94.44025
93.635629
94.440049
97.257075
92.107306
91.389175
83.872822
92.107306
87.767788
85.039549
86.91052
87.929332
93.764709
89.885626
85.830839
94.531369
94.766059
82.170918
93.62391
95.181962
83.457711
95.254095
85.830839
93.378146
95.249665
99.672085
96.153846
99.705556
94.73608
93.651357
99.399556
99.165884
95.123322
93.223482
92.169898
99.165884
98.702948
84.841576
98.211259
85.988772
98.553479
98.702948
93.483064
98.211259
87.690598
98.211259
95.589045
92.655091
93.335698
89.937195
91.83603
98.702948
98.211259
97.775824
99.901659
98.553479
98.006454
92.492577
96.065284
82.170918
96.465011
95.230727
99.807974
99.705412
96.69165
96.728518
99.705412
96.631642
85.032222
96.401982
95.983817
84.154455
79.508883
94.573269
83.266052
93.913976
95.696998
83.266052
87.153205
77.489661
86.08012
95.54645
88.318459
94.860398
92.550409
77.489661
75.364153
75.364153
70.738907
69.491505
97.35178
96.984743
85.032222
97.272167
100.0
100.0
99.997687
97.603354
100.0
99.989305
97.603354
97.520029
93.840367
97.552898
99.885792
96.494977
99.954921
96.67558
92.404912
97.156198
99.915077
95.926874
95.926874
97.28288
81.17035
99.885792
95.601901
97.192823
89.701104
89.45777
89.701104
95.633172
91.006548
99.7425
99.801927
99.801927
99.915077
93.990115
99.994652
99.846724
88.338702
94.335607
99.972977
99.915077
99.672659
96.064484
99.997398
99.916809
93.050709
93.607857
93.050709
98.726894
96.912217
94.371613
99.668926
92.766929
95.378895
98.178226
93.371798
91.978068
91.507728
91.507728
97.49239
93.607857
97.49239
81.166282
94.36858
89.370525
89.82487
91.892615
93.845646
97.49239
92.546254
91.112253
98.178226
99.162331
98.178226
98.178226
94.349125
99.994652
99.972977
99.162331
97.49239
93.459165
93.178478
93.178478
99.997398
94.156945
92.863647
98.726894
99.916809
98.178226
91.680791
91.251053
91.251053
99.668926
93.459165
97.49239
93.588576
97.49239
90.306527
89.908206
83.101497
91.479579
99.162331
94.407936
91.082682
97.49239
98.178226
97.49239
98.178226
98.178226
98.603486
84.10648
99.162331
93.966825
93.807077
93.067121
98.497352
93.295402
98.564431
98.419301
91.974522
91.974522
91.527094
98.313284
98.283953
93.532362
92.750233
93.318074
98.283953
97.440111
98.256314
82.402568
79.963093
76.565441
80.827717
98.082182
81.362725
98.313284
97.724168
79.189505
97.530875
98.345429
97.884563
97.530875
100.0
98.345429
77.826795
74.604331
87.438591
62.465873
63.618142
65.518908
99.881177
99.717484
71.757726
99.921283
57.164517
69.001828
99.593309
66.868813
81.146897
99.512511
99.868489
99.558768
86.648764
89.547096
87.104047
87.172456
99.463008
99.512511
86.923449
99.512511
95.406629
84.596162
99.463008
85.194818
99.558768
85.734658
99.512511
99.409554
99.409554
97.458192
86.09178
86.923449
80.759988
85.62327
97.458192
96.701039
85.00275
95.828756
81.0769
82.129036
90.607544
86.630494
95.244156
92.123987
81.0769
94.899639
87.559185
87.559185
87.099432
74.54492
75.135982
91.921238
90.09709
87.559185
93.11158
83.900619
75.220402
75.171336
94.6948
85.655067
82.620406
83.669982
75.158544
75.111156
85.655067
80.71783
92.123987
75.124592
88.821121
75.060081
82.643074
85.655067
98.301829
84.611205
75.158544
96.146929
96.908019
74.808449
75.101622
75.119459
95.475115
80.111126
96.908019
96.146929
93.204619
74.436491
96.356508
73.884631
95.475115
75.088827
95.223977
74.720707
94.961203
93.399484
95.931742
97.596332
94.029236
94.368495
96.356508
97.949907
94.368495
94.368495
97.899502
97.899502
93.639271
97.149485
96.429517
98.846515
97.309387
96.591764
98.38431
98.785963
82.900356
96.241197
98.654669
95.758929
98.711116
95.238302
98.166245
94.707256
98.438067
93.5257
94.152034
98.487957
98.166245
98.033317
94.832957
97.108729
96.3865
97.975086
98.166245
97.873069
97.90257
98.487957
99.238148
97.680453
97.759321
96.647836
98.487957
99.557621
99.913057
96.452129
96.261498
98.321528
99.403127
90.113878
97.337035
97.975086
99.139026
95.756786
95.24714
98.608827
98.908273
94.991714
96.366448
94.470598
98.608827
97.978592
94.780255
93.092605
99.329767
98.608827
96.473208
97.403474
97.661536
98.419721
98.608827
98.419721
98.069498
97.741487
97.43121
97.837301
97.947204
99.029326
96.653426
95.345585
98.656847
98.399354
87.728647
99.913798
92.505768
99.612673
86.486137
98.656847
96.653426
97.281849
99.211709
98.069498
93.829376
98.09392
95.212281
90.389039
91.983746
95.212281
99.612673
97.718189
94.8335
98.656847
94.44631
96.190679
99.921379
93.64772
94.656169
99.85972
96.545116
99.211709
96.638912
96.696719
95.730809
96.035036
96.035036
97.281849
99.211709
96.673904
92.676182
96.853075
99.999869
91.242016
81.606478
96.709328
95.179031
98.630349
96.913833
94.026203
99.999869
99.999869
97.506501
97.941222
97.134137
95.837568
98.630349
96.12644
96.135204
97.506501
88.088544
95.25439
89.77199
96.581541
95.58685
94.158788
92.885529
96.135204
95.218641
88.442978
94.438745
95.58685
96.273452
91.188479
84.417
91.845725
97.148123
97.371261
100.0
97.798273
100.0
97.784389
95.875163
97.673996
99.212997
99.999214
97.604429
98.797855
98.797855
97.625018
97.707065
98.797855
97.625018
97.084374
97.06711
96.595025
88.3023
96.525909
96.525909
96.525909
98.286107
95.221649
96.525909
98.797855
97.697458
94.709964
98.110743
97.797463
99.744704
93.400082
92.384796
92.79743
97.022477
98.019312
98.348561
94.120394
97.890512
99.790574
90.594577
93.400082
95.901318
96.525909
97.148584
92.79743
98.266767
92.135219
96.890538
92.79743
96.39597
88.941573
92.79743
90.662033
92.087665
95.849692
93.935059
93.400082
84.779185
95.654769
99.762422
95.07207
82.299664
99.762422
99.411204
99.411204
95.214341
95.403121
95.4839
99.264829
97.150269
95.211443
98.724812
98.724812
95.248226
93.661228
94.237126
98.031097
94.015804
91.989827
94.506472
98.579432
95.596405
98.579432
95.24227
94.855157
98.236101
98.236101
92.196813
96.051764
97.371631
98.236101
98.724812
98.236101
94.855157
89.016071
93.319604
94.46567
99.886882
98.97837
91.732874
99.874083
96.661029
95.527038
99.804787
99.760077
95.536687
93.931921
97.267391
93.562113
95.331402
95.522787
95.218992
89.311175
94.740285
94.740285
96.816391
84.549642
86.206589
78.107721
78.107721
93.735716
94.15061
94.6322
78.107721
93.909871
93.333617
93.333617
91.507358
95.583787
94.558488
92.171909
92.890808
94.696874
93.978126
73.814397
95.301109
73.814397
90.027722
71.465769
71.465769
99.999214
74.929296
99.992931
99.959562
99.999214
95.686006
95.293186
95.086891
99.978795
99.924124
95.210297
94.60307
99.924124
99.971337
99.862592
93.334874
94.380914
93.61327
94.380914
91.933767
92.296134
80.729358
99.924124
99.971337
99.770501
99.897072
83.52754
78.966321
99.97801
94.378843
81.621227
99.977749
94.0018
99.707726
99.883617
99.707726
99.822656
82.939599
94.674443
80.675445
99.97487
75.478198
79.615961
99.517801
95.621077
98.843242
72.532004
97.72144
97.72144
69.530766
98.345003
65.664183
67.198948
99.238391
63.67028
55.484634
98.843242
89.568121
98.345003
89.190442
89.331264
99.238391
99.238391
98.345003
97.72144
94.658916
88.411302
82.939599
92.195079
99.883617
82.73139
98.843242
82.73139
99.517801
83.718457
86.805278
97.72144
93.261063
99.97801
89.781505
80.669213
90.816537
89.702305
98.345003
84.983345
93.53399
99.97487
99.977749
60.390661
86.148682
94.849691
97.72144
90.796464
99.238391
88.700541
80.13074
99.238391
81.240725
82.73139
77.894209
77.73204
98.843242
98.345003
92.609936
94.955635
97.72144
99.240969
87.887335
98.345003
77.96022
99.238391
93.092603
98.73349
77.426267
77.354637
94.920776
94.890679
98.606539
75.573805
93.4295
75.223332
74.88321
76.032646
98.49909
98.443487
98.384018
75.845226
75.424479
95.070896
98.418372
74.88321
98.566202
98.443487
74.746014
98.443487
71.876322
76.205689
71.473145
98.470011
98.443487
81.942621
97.934566
89.610259
98.49909
97.780142
99.998167
97.888055
98.362131
99.998429
97.584455
98.447226
99.89864
96.622659
96.386227
99.941382
97.54149
97.75821
99.87356
99.676369
99.615011
97.347832
99.615011
97.347832
97.906868
98.250336
99.575014
96.209441
99.575014
98.447023
94.411619
95.387546
89.480361
99.530639
99.530639
91.222916
99.486433
99.575014
98.105455
99.615011
98.371498
98.34805
98.419793
96.833917
99.796181
97.575383
98.119757
96.648901
93.32294
90.21934
88.598031
97.898443
92.812765
97.495768
92.812765
89.431325
96.251192
95.185653
97.370962
95.745506
97.057538
89.431325
98.434697
87.73606
97.703457
83.08054
86.828671
85.920523
89.568326
86.828671
98.57778
97.917915
98.246486
92.601991
84.01712
98.459476
93.32294
98.415711
98.265447
97.4897
97.346071
93.951767
97.03283
98.094593
90.455558
96.688785
96.688785
96.098194
96.098194
97.728364
97.463144
97.321962
86.275412
93.245422
96.571659
96.064477
91.783419
95.41598
98.531029
95.41598
95.162299
96.571659
92.636244
96.819229
94.563687
94.563687
95.2312
94.872712
95.884189
96.078431
98.89917
94.285714
91.002571
97.611062
97.302656
98.944649
96.497618
94.862307
98.779456
93.988466
97.630719
98.852836
97.489201
89.916499
98.709247
96.954473
92.915352
95.100105
98.41051
98.627675
96.137792
98.41051
97.292944
93.177109
91.02057
98.627675
95.737705
94.907223
94.334051
94.604871
95.349343
98.670866
98.627675
94.363715
97.088997
93.863902
95.476773
93.205797
98.073893
97.849254
98.53505
98.747786
96.466045
99.743011
98.670866
99.309355
99.599164
99.459099
98.566457
97.141538
98.102872
97.947642
97.915413
99.219312
98.102872
98.73834
97.663904
96.882316
98.73834
98.73834
96.608692
98.141717
96.015928
97.876714
93.624459
98.73834
94.84633
97.651053
94.902062
95.879289
93.141096
93.406786
98.136644
98.360073
99.009932
97.284647
97.876714
99.119785
99.828759
99.78328
99.578492
97.722723
98.472053
98.797443
98.342434
98.225568
98.27072
97.314987
98.552673
98.797443
95.88389
95.111497
93.697398
95.88389
84.341191
98.310132
91.608614
96.164913
98.27072
97.314987
97.493476
94.223109
93.266365
98.27072
99.408143
96.618083
99.995749
96.864286
99.160523
99.998706
97.011288
96.576625
80.600662
92.501423
98.54593
96.592872
98.797443
98.569259
89.844779
96.117786
95.013326
90.88667
96.172979
96.117786
91.729272
95.825915
95.457624
96.117786
96.389908
71.319511
95.353567
95.353567
96.117786
94.995119
94.704992
94.069214
94.786878
77.675994
94.069214
94.786878
92.937793
93.669738
94.786878
92.485695
65.777899
90.065671
62.741421
93.206737
94.786878
96.650803
91.550901
93.292349
100.0
82.442505
99.602142
100.0
96.253148
80.021043
98.840402
95.903436
63.791125
95.958342
96.923182
61.64459
94.596939
98.243951
94.177674
100.0
96.580054
96.594168
95.191478
66.678491
95.958342
93.749762
94.660641
94.362081
93.283559
93.98624
94.177674
97.012642
92.798565
92.767026
90.090283
91.728469
83.971109
97.138968
94.177674
97.979372
96.865942
93.181962
96.99796
94.58118
93.861504
90.533598
98.840402
85.653127
81.868547
81.868547
81.868547
96.303553
79.006645
96.014079
77.481124
95.637576
95.397667
75.894073
94.536219
94.806986
77.481124
94.195973
92.084898
48.242221
72.573442
96.934597
93.853794
72.573442
93.089245
81.040465
70.842969
47.738471
83.169812
76.641721
47.211674
75.546578
67.651888
72.322112
99.704571
99.601042
79.741231
98.995403
98.880688
75.546578
98.439877
50.131231
72.322112
97.60409
66.873652
98.880688
98.439877
62.994695
97.60409
65.332973
98.598655
74.948004
97.848058
60.782577
98.598655
58.332556
97.041567
62.994695
97.041567
53.264428
79.061372
98.439877
85.193179
86.198309
84.297843
97.848058
87.026566
86.491157
99.376735
99.834838
84.841859
86.531169
99.574094
99.188885
46.216207
85.893627
85.363902
80.345681
84.290273
80.345681
85.125364
81.391514
80.345681
81.683233
85.414988
83.001913
76.047163
83.232591
72.595159
86.265685
76.978301
75.618445
80.154334
73.767257
72.595159
78.241658
70.179276
74.299002
73.635501
86.604226
73.726015
84.537483
73.393963
73.375598
80.154334
86.299597
81.391514
99.99963
99.999815
99.998891
99.917443
99.969325
72.514361
72.662838
74.596921
73.394104
73.133298
73.704305
73.642154
72.594664
72.797641
99.729935
99.729935
75.898645
99.888479
62.259033
79.514969
72.252901
99.888479
99.999815
99.958243
73.133298
98.872195
72.422717
98.872195
98.588413
71.214402
73.350318
95.330358
71.902151
93.53988
99.108751
99.984291
99.992237
99.96988
99.893459
96.232914
77.113747
98.331807
96.579294
97.857348
99.968771
97.368556
97.159917
97.350328
95.346752
75.989882
96.708157
95.843043
99.5609
95.11365
96.708157
95.655187
96.708157
95.655187
70.593909
94.093086
88.853085
94.381469
93.840163
85.993635
83.220859
97.843812
93.059064
93.85279
77.211946
98.331807
99.992237
95.655187
99.96988
77.741847
99.968771
95.445728
96.574568
97.399465
97.61058
97.571102
99.893459
97.078363
85.547096
96.708157
98.331807
95.465849
99.5609
95.465849
96.729091
95.655187
96.04814
95.655187
96.708157
94.2062
95.655187
94.483495
96.708157
78.133673
88.853085
93.398449
93.86547
85.993635
83.220859
97.629765
98.085068
99.665631
95.463612
98.331807
98.128478
97.37535
97.585419
78.203773
77.467185
98.128478
96.549593
98.011145
97.053255
97.533421
97.919431
76.460566
96.401851
97.867706
77.719104
93.585608
97.587012
94.643366
75.844348
95.944277
77.667681
97.587012
95.193685
95.515519
97.70739
97.647252
76.173969
92.948083
96.867636
76.72117
76.886799
94.06529
93.535188
97.763891
96.598678
97.764789
97.816921
94.892951
99.920027
87.7916
99.820286
99.757336
78.159746
90.460818
91.638192
74.893406
75.29066
94.112468
94.487197
99.707695
99.733061
95.74102
99.543497
99.499009
99.45584
96.603415
96.677977
96.645866
99.499009
96.598005
96.218928
73.96937
95.185529
99.45584
71.736668
99.290101
96.001223
93.818741
95.486864
99.407412
99.407412
95.016322
94.463058
99.45584
99.350273
89.179354
93.774787
91.289079
99.350273
95.672442
89.849315
92.011457
94.286031
95.716509
87.303929
87.303929
86.33824
96.664511
97.440793
97.487882
84.185645
97.5063
97.241343
84.185645
97.487882
84.185645
94.649028
83.046354
84.185645
97.188403
80.704534
96.774359
79.520173
80.704534
78.315501
96.279234
95.607691
95.941501
88.965119
85.308579
91.090996
93.712958
97.763185
96.179645
94.545455
96.049012
95.233552
96.585399
96.585399
95.233552
97.481185
94.388652
97.837427
94.087918
97.806933
97.676297
97.756055
97.860125
97.162837
94.697946
96.945184
94.087918
93.085815
92.675047
92.675047
96.486587
91.751493
91.751493
96.247264
95.690897
96.965962
94.545259
98.264611
94.304944
98.396549
98.374004
98.42931
97.98892
95.211611
95.437757
95.483828
98.07191
92.503881
95.018787
98.264472
97.483929
98.13275
97.474131
96.364465
94.729675
98.169565
98.07191
94.150487
94.553311
93.893963
93.370737
98.007594
93.080127
98.007594
98.007594
98.07191
94.516797
97.474131
97.342066
97.205118
92.447057
91.233689
91.656456
95.328493
99.625253
98.07191
97.324046
94.69791
94.079091
93.163268
97.250649
99.309603
96.422847
95.198675
99.625253
79.963755
94.758868
95.834957
95.245683
98.989607
99.206164
94.312379
94.70697
72.460114
98.155718
97.628397
93.891397
92.925863
94.873554
97.628397
98.155718
98.989607
95.45693
92.974428
95.508292
93.631823
96.932201
97.297599
96.932201
96.515096
99.098947
92.213614
91.247412
91.71993
95.387244
99.797925
99.206164
94.33738
93.336397
94.750133
95.164944
99.748952
99.499161
98.809137
98.809137
95.366639
94.934662
98.809137
99.405225
94.785203
94.416643
95.841123
94.016072
98.288921
96.765026
98.288921
94.626088
97.963004
97.963004
93.149841
93.149841
95.841123
93.023856
93.023856
92.09227
92.09227
91.133856
98.288921
99.978541
83.508514
95.323084
83.071505
99.978541
81.537173
96.59676
75.360549
79.44649
78.245738
96.293925
95.494476
96.293925
96.014692
94.953142
78.245738
70.965635
75.360549
97.944707
95.494476
94.65166
66.448364
94.65166
65.705674
95.231738
64.11223
97.745211
94.297162
93.509792
93.036678
62.720922
61.372736
53.490856
94.953142
99.99981
98.174057
83.071505
86.629337
88.219856
100.0
88.360097
100.0
88.398223
98.138437
99.998101
86.102921
98.19634
86.102921
83.184567
94.451621
97.623452
84.618129
96.850984
97.556917
94.020306
81.568833
71.438797
93.103149
95.460552
97.591329
96.492233
81.001079
91.506887
93.103149
74.739549
94.020306
92.607896
94.020306
94.874771
88.519096
78.049717
77.428686
76.160551
96.970222
99.741204
88.024792
79.219817
77.309003
77.309003
99.27682
76.670892
93.824261
94.833552
76.453074
76.42273
90.468114
75.434562
84.316078
75.137225
83.024027
75.872377
78.805188
87.718813
92.240507
75.872377
73.992838
72.294659
78.805188
94.878677
73.992838
75.563645
83.024027
71.524883
70.542
78.805188
96.536897
74.781842
74.21367
95.680446
99.562386
71.302117
75.732143
85.794538
98.082422
95.593841
98.631056
99.279816
75.137225
97.879509
98.310505
80.28897
98.309173
98.502414
98.29773
98.044397
98.40288
98.90678
97.614898
98.778177
98.778177
98.473504
97.037072
98.778177
98.106126
98.106126
97.389261
97.037072
96.788201
97.648477
97.097739
95.10901
98.778177
95.493567
98.537366
85.618015
95.900145
99.300227
96.486645
91.139376
99.300227
94.935714
97.504135
98.030439
99.300227
98.334157
97.912135
94.050035
98.292386
99.002755
97.937471
96.808564
98.214471
77.674696
78.760624
76.587319
78.760624
74.328909
73.157114
97.066552
70.763399
97.506007
70.763399
96.678791
69.534724
96.503132
97.287124
60.094492
79.839309
95.373016
95.969643
95.130439
98.383394
100.0
94.888879
94.843863
97.944041
99.99886
98.474199
100.0
91.284593
89.553491
98.719122
99.95709
98.261
98.476008
99.915734
99.787522
99.886161
99.787522
99.787522
99.646244
99.646244
97.89492
97.684254
98.83789
98.83789
97.372458
98.83789
97.063171
99.886161
97.423813
96.416282
99.080825
95.789142
96.375537
97.372458
95.596997
95.184355
89.448217
98.690663
99.965631
91.063423
99.962784
94.036484
99.964492
95.289903
93.265083
94.116132
98.856821
92.309443
99.281875
99.730434
96.363591
97.560379
98.282499
95.814939
99.93527
95.536066
95.720179
97.560379
95.536066
88.576135
97.487729
85.657618
98.856821
97.016481
87.106627
95.566744
97.418593
96.490314
86.932215
96.762693
95.149922
82.832266
98.856821
95.929345
99.962784
99.964492
95.321136
94.114944
91.621658
96.8301
99.965631
92.829335
93.959976
99.730434
93.565499
99.281875
94.765073
94.021472
95.547243
98.856821
98.856821
97.871387
99.93527
95.536066
98.355976
88.576135
95.536066
98.282499
96.50261
92.494364
87.106627
98.32681
98.377531
85.657618
91.825904
98.230369
98.063513
82.832266
97.244849
98.856821
95.989046
96.664922
95.636637
97.995644
94.02921
92.907917
97.721431
98.033418
96.75177
97.810666
98.033418
99.65643
97.45326
97.510556
97.646123
98.568518
94.744981
97.70375
97.5224
97.5224
97.810666
97.646123
87.008793
88.386275
96.661495
90.230283
98.569518
98.190192
97.670607
98.301768
98.660454
97.758359
90.532486
94.331292
97.083025
97.299968
96.857417
84.932883
95.956218
99.99981
94.766837
98.227069
100.0
96.621009
94.602641
87.366705
93.705503
99.99962
92.158686
99.99962
100.0
94.180838
99.761994
95.759157
96.286723
99.649074
96.716071
96.204331
99.573496
99.41968
99.527376
99.41968
99.290114
95.447527
95.157306
96.088488
94.60197
93.895336
99.41968
93.121861
94.257745
92.254044
92.706425
99.527376
99.573496
96.956444
97.218907
95.558436
94.382873
96.246546
84.353626
97.168544
96.826634
92.156423
99.99962
83.812311
86.00957
96.688034
96.501241
94.450294
86.99608
86.99608
82.65021
95.654644
83.812311
96.177918
94.355851
95.89208
93.571225
80.263998
95.827693
95.236528
83.812311
94.653317
96.487959
94.055531
80.263998
93.596536
93.171973
94.311464
77.83386
92.284658
80.263998
77.83386
97.703387
83.812311
96.520169
95.855956
96.685638
96.871372
84.354297
94.560293
95.109931
93.604604
95.109931
93.937431
93.937431
96.793445
90.415819
96.012406
95.842741
93.937431
96.218063
94.245507
92.911235
93.999809
93.999809
92.490755
92.375504
94.593813
92.838284
96.820242
98.2836
95.456318
95.366467
97.957171
98.386458
96.548289
91.546986
90.984536
92.490755
93.236074
94.899835
98.307642
78.351715
91.989724
80.18932
91.923504
97.372955
95.934606
98.174732
98.085106
74.035025
98.085106
97.957171
70.062256
62.759304
97.957171
59.678631
57.723494
93.252834
97.957171
62.759304
97.732226
43.393333
65.570979
42.949384
97.732226
96.976295
95.864858
42.529963
41.741307
42.138145
97.40692
90.091985
99.614946
40.983505
99.388148
99.290489
93.524007
66.508634
98.085106
80.263412
98.828984
99.074299
98.961999
76.268137
85.689991
98.828984
83.486892
98.105578
84.546031
98.105578
81.992463
78.087243
98.105578
97.876953
97.66176
80.513069
84.900129
97.56451
98.043712
96.850521
96.422671
96.848225
76.84192
73.510702
97.924614
97.225054
97.225054
98.681342
99.635439
97.746956
72.165457
96.760409
71.628063
85.792591
96.13457
96.760409
95.622638
72.518301
78.017078
78.017078
76.077493
78.017078
97.285168
72.165457
75.281285
76.853573
76.565887
55.175538
73.385328
76.157671
43.521824
47.47723
74.828967
75.403237
43.521824
75.855378
43.521824
95.419781
43.521824
70.877486
73.704163
94.94589
95.762133
97.680244
78.017078
74.630091
95.762133
73.704163
94.94589
76.24303
91.987417
89.960916
91.987417
73.398232
76.723225
88.028574
81.475636
89.672649
75.309698
75.309698
79.039031
92.37966
96.987151
97.310286
94.207911
72.572756
95.843091
53.534134
97.046867
96.65939
49.125349
57.884039
95.526268
89.960916
40.723866
93.30476
95.526268
33.47302
95.781638
98.457747
74.447572
93.92995
76.607971
97.531886
93.92995
97.451822
92.073838
93.150589
93.845078
89.814066
87.938704
95.006059
93.624155
93.739801
92.018202
94.428986
88.218933
88.218933
87.409374
95.682388
75.619305
97.056096
97.316684
97.119925
73.646205
71.337341
96.646629
71.337341
59.081233
95.933413
43.566791
95.738004
88.490257
94.766059
94.484964
85.327547
75.006428
93.335698
93.62391
92.757454
81.405845
86.486747
89.814066
95.775424
97.512702
95.593828
92.404912
67.374176
69.337062
89.45777
94.280364
63.245726
95.957276
67.374176
61.132486
97.160053
97.302927
50.522661
96.912217
48.45224
48.45224
48.45224
96.551724
71.303888
40.583883
95.633172
95.633172
94.854208
93.845646
97.887299
93.612377
93.131901
92.839973
98.272634
97.569265
97.065503
96.370529
77.507325
94.791878
93.891787
92.63054
95.905887
85.77449
93.269095
95.237446
97.065503
88.017861
95.02621
92.552069
93.110578
94.203924
89.968981
90.558981
88.951761
87.855029
94.49081
92.552069
81.341766
95.223279
85.301147
95.422709
94.678386
95.103923
93.11158
91.692278
94.540307
98.088216
92.552069
91.28989
93.602694
89.741972
90.543944
96.144358
96.578272
86.796295
62.125969
95.312844
93.204619
78.138092
65.133256
81.812059
75.589425
89.894294
53.268167
84.998471
57.708028
51.798341
45.944016
89.065824
92.199219
45.944016
79.556055
47.41523
54.750147
51.798341
45.944016
96.240281
37.055275
94.716771
96.684032
96.398333
96.200978
54.750147
99.949008
96.595247
94.475338
95.730809
76.810793
95.179031
93.61649
79.849851
94.677767
94.026203
99.99721
99.757457
99.669083
99.669083
99.258996
83.995625
86.974509
99.549256
99.054823
98.800106
92.248865
97.600181
99.258996
95.914807
97.00283
96.357716
89.03112
97.00283
96.661029
95.373714
96.265516
96.85363
97.371631
97.225431
96.942329
99.549256
99.914777
96.647703
94.937821
94.882746
96.051764
88.427597
95.527038
94.289949
76.301408
76.301408
97.629804
71.811253
95.938348
67.635903
86.295174
76.301408
94.962547
91.081717
69.691448
92.617717
67.635903
65.667876
63.829646
94.849691
65.667876
94.375783
94.221178
94.822485
65.667876
95.764813
93.480862
94.551062
94.658916
93.53399
90.816537
79.01556
92.609936
94.0018
94.74534
93.564206
90.357985
74.00049
99.914777
76.391513
69.691448
67.635903
94.962547
97.629804
92.941301
76.301408
94.979882
86.295174
71.811253
92.735
76.301408
92.776867
76.301408
67.635903
93.4295
90.796464
65.667876
94.779116
92.247288
65.667876
91.202577
88.700541
94.920776
89.934255
95.096221
94.634361
96.040572
65.667876
94.180222
73.990972
63.829646
93.951767
93.245422
96.168791
92.915352
91.355222
74.00049
95.959183
92.204216
94.517864
90.880056
94.797854
95.407081
93.955077
95.511683
94.931041
93.480383
92.941207
93.728332
90.280097
93.779005
92.631346
94.630595
93.935912
90.506532
92.83768
92.280757
86.899563
92.941207
95.049167
94.793918
87.741042
94.974755
94.480763
94.199174
91.876254
93.937041
93.955077
92.856524
100.0
99.602609
90.400336
94.261754
98.476297
99.320687
91.729272
95.347081
93.872924
99.641375
98.015025
98.015025
98.727014
93.406786
80.600662
78.817183
94.923482
97.844925
95.87222
97.844925
92.120484
97.844925
80.972516
97.656025
97.656025
66.678491
77.064704
61.64459
97.235539
59.588445
65.777899
62.741421
59.588445
99.254676
97.656025
88.216142
82.793896
45.366851
43.729097
69.421094
44.127991
74.553305
80.409979
44.50071
65.964148
42.636571
62.741421
65.964148
62.593275
80.011568
65.964148
62.593275
93.466318
60.898481
84.841859
90.922647
85.302919
62.593275
57.450614
50.389026
86.811083
80.740741
80.154334
84.537483
48.636996
92.498222
77.730672
75.226693
89.750772
82.749977
78.905186
67.689369
88.637191
86.860728
86.774934
86.191414
93.287475
87.538653
80.375718
71.655907
70.593909
80.375718
91.995951
73.761063
77.448232
71.855265
73.85128
77.448232
69.720885
76.460566
76.72117
77.719104
77.02137
69.720885
85.547096
77.572574
83.756581
96.313182
76.634827
65.19283
77.841868
65.19283
74.596921
77.92192
76.004837
75.673106
90.307746
94.694808
96.056173
96.056173
93.113674
93.851046
83.469088
95.34327
80.271836
69.20399
75.097129
86.147594
74.163196
67.135557
78.133673
93.851046
76.886799
87.270256
69.20399
93.517666
92.6748
93.113674
74.672801
63.99133
90.466627
81.517441
93.113674
96.993039
92.6748
98.169565
98.264611
91.696271
94.920512
94.234644
98.077096
76.507666
89.055323
95.385012
95.023331
97.939546
97.635258
97.635258
97.178446
60.025817
49.272485
49.753664
97.272484
94.350096
96.106214
96.422847
93.612576
78.120145
96.941362
48.351914
95.834957
94.968374
86.226664
89.797029
83.506798
83.506798
90.865367
76.656026
99.463743
83.506798
79.069914
95.508292
96.765026
89.896312
80.614606
93.722444
94.968374
97.358358
95.605949
98.173637
99.645519
98.174057
94.641864
97.623452
96.492233
96.820143
94.641864
97.834701
98.134894
99.81212
96.2137
95.680446
94.641864
96.098016
94.641864
97.048241
81.484018
79.022799
81.484018
95.039289
97.808414
79.022799
91.215741
81.099642
75.926686
56.799098
52.852538
96.2137
93.403762
99.976725
95.596254
98.255905
98.2677
96.82602
76.894007
95.638952
98.168473
94.357142
97.076049
97.579657
94.357142
97.287124
47.50013
97.579657
92.858122
87.135407
93.983259
92.858122
96.808564
95.731138
90.8831
96.602415
89.502077
89.141382
79.626444
77.099135
95.055336
78.361191
97.911645
77.099135
74.179485
90.55482
84.963735
54.696509
90.490858
98.935707
91.260759
89.448217
93.732736
93.983259
95.521466
95.917964
96.51954
98.308046
75.245655
94.405952
91.138358
89.027924
95.967799
81.744975
84.918504
94.765073
94.985141
93.844535
94.405952
95.566744
95.900418
94.437708
83.697504
78.002331
93.565499
93.285308
91.592814
91.592814
74.748152
93.285308
91.058762
76.339653
78.002331
88.985622
78.381569
88.985622
94.85582
93.070598
90.984989
86.651999
88.784953
91.714814
92.753219
94.180838
99.143735
96.654275
98.613837
97.009179
89.522551
81.514379
97.218907
78.500778
75.217074
97.134255
97.168544
73.459317
96.826634
73.459317
96.246546
69.759916
95.15045
82.858768
95.759157
73.862997
88.522937
63.853331
82.83932
90.783323
95.534229
65.877015
67.812724
95.934606
94.311464
99.47835
67.812724
61.856275
97.207241
98.710289
98.556443
93.106206
98.951272
75.217074
55.789767
89.80324
98.840479
81.825055
95.738776
98.043712
98.010384
97.876953
97.885408
94.198162
97.66176
95.942785
94.754144
95.265941
97.021292
94.754144
89.167089
96.651944
93.739801
77.030515
95.265941
82.289573
97.089781
96.848225
92.91005
83.133002
92.91005
93.58273
96.143654
95.448077
95.265941
98.987145
86.48005
98.573819
81.864196
67.898086
79.546958
94.198162
95.998614
95.905887
66.549648
95.237446
71.841575
94.242999
66.549648
95.01036
93.903254
62.465993
66.549648
92.160037
63.834468
93.494881
95.990625
93.110578
77.644321
83.028354
80.897006
63.834468
59.625577
89.323653
78.740824
74.436897
61.059018
95.556817
96.400771
99.999432
99.999432
99.832772
99.999432
52.352443
99.354322
94.26754
96.253093
82.730963
82.247148
99.609449
79.708769
96.187053
95.555942
99.609449
95.077778
83.130449
94.551062
99.172209
94.244911
99.354322
81.207023
93.564206
93.178109
92.247288
82.938431
80.128011
80.776229
76.391513
98.940154
98.673233
96.196456
98.673233
78.302992
79.782219
98.327806
85.352723
93.935912
98.940154
94.164909
98.673233
99.832772
99.94325
90.14693
99.941548
96.298207
99.745696
99.344794
77.646104
98.957666
91.958206
92.087979
88.213844
95.103446
96.222515
96.076399
94.261754
86.262533
95.347081
92.498222
84.28138
93.466318
94.867439
92.498222
82.372228
96.29191
82.372228
82.372228
87.363712
96.063273
75.205992
86.147594
70.353222
94.985173
74.163196
87.571273
99.344794
70.353222
99.344794
82.89017
98.957666
99.745696
91.958206
69.20399
99.941548
88.213844
63.99133
86.262533
67.135557
47.07672
99.94325
67.135557
84.28138
45.256547
82.372228
82.372228
82.372228
60.025817
86.502167
46.297273
76.894007
45.584374
86.79426
89.392209
90.423838
70.353222
91.312904
98.14369
99.344794
75.205992
70.353222
96.801251
96.395652
91.058204
96.801251
96.478825
95.456997
98.708797
88.390064
95.62493
90.332916
95.456997
84.918504
95.62493
79.264725
95.262334
83.050847
95.262334
79.898754
83.069215
82.470216
77.431596
90.840034
95.62493
92.555794
83.137566
76.291222
95.052043
86.604564
98.375727
99.999716
95.927032
80.762182
99.750498
75.245655
91.951724
96.999469
98.767274
99.725362
99.725362
83.062275
82.794897
99.1912
99.635654
96.294403
82.528502
99.373944
99.1912
99.474698
82.247148
81.6445
81.207023
80.325803
79.915973
78.740824
94.682235
82.888603
99.317342
89.383816
78.302992
98.469375
99.109979
98.922925
99.373944
91.590433
98.469375
92.844123
78.993737
93.438604
97.346668
97.382299
97.792745
94.985173
84.563452
98.039402
99.373944
90.650373
69.300935
79.597832
98.222904
80.962758
98.375727
98.813859
97.160912
96.342863
64.596125
96.564078
95.698427
95.27995
97.792745
95.698427
66.203285
97.478043
88.302084
78.17861
95.283145
96.294403
98.629103
82.241825
98.685619
96.829744
95.283145
61.295442
62.954569
62.954569
76.735482
62.954569
59.578679
89.351783
93.438604
97.594355
94.03441
96.003118
97.812376
94.999744
96.564078
93.779071
90.554813
87.437318
88.896461
86.58592
98.756904
84.513132
98.758286
83.274109
83.274109
81.888479
98.756904
93.449399
80.388635
78.726771
80.388635
88.896461
97.718653
98.785946
96.747541
97.586803
96.603192
98.542784
96.448708
98.542784
95.416657
95.665967
95.13908
95.13908
94.826848
94.484712
94.484712
95.13908
99.974171
94.484712
99.99858
94.484712
95.416657
98.834377
99.292144
98.691757
91.911414
92.771786
91.024727
94.250087
94.250087
94.916542
89.101327
94.250087
85.815919
98.110338
91.911414
99.263212
99.555022
96.434734
98.273195
79.17969
90.042874
81.775933
98.08597
98.08597
79.17969
97.810518
76.41244
98.340418
97.646956
49.143552
98.47538
45.181248
56.772565
49.143552
30.867976
76.864636
74.279374
95.65205
95.445116
92.030688
42.956915
96.804315
88.055074
94.945076
93.019817
79.126281
87.227771
95.65205
74.279374
99.999616
95.074794
96.2655
37.540741
97.324132
97.482717
94.881577
96.448442
64.177652
96.448442
96.797256
94.881577
47.117124
35.532312
96.072126
90.009743
88.055074
89.170355
99.878422
98.796129
98.726524
92.663768
99.878422
92.663768
98.677727
98.267902
96.225364
95.919045
98.565919
98.382184
91.851188
87.376152
88.955004
91.851188
92.580005
81.478376
98.766901
97.98402
97.24634
87.376152
75.143768
70.448299
91.851188
61.035643
97.453638
75.143768
91.851188
97.744382
97.899525
97.453638
89.170653
86.175666
92.853323
82.457429
62.753348
66.896486
68.906193
66.896486
64.848376
60.614002
50.045064
46.018597
47.997243
68.906193
99.0386
47.997243
97.148426
97.260213
46.018597
96.203532
96.590323
96.590323
96.972174
92.177927
90.490917
92.911296
92.177927
92.911296
90.490917
87.315802
92.911296
86.05578
84.697518
92.911296
84.829671
94.874168
59.303943
62.210979
79.751456
82.409417
60.767179
57.839936
54.953176
51.998602
56.395986
49.091581
53.48298
40.176924
63.660876
49.091581
99.98733
99.955477
99.933613
99.582812
99.767077
99.461867
98.870902
90.977469
99.115873
98.558831
86.055777
98.16676
99.996928
98.609648
98.199822
97.738395
97.16695
99.935531
97.16695
99.662844
99.689168
94.688235
73.22259
99.921344
77.558022
77.558022
71.161718
95.268532
94.679096
73.22259
91.627553
65.439569
96.093783
96.452092
71.161718
65.439569
69.165148
75.337021
99.935531
69.165148
99.662844
77.558022
92.672306
73.22259
91.627553
95.706681
95.706681
99.921344
71.161718
97.344321
97.321208
96.479546
96.276202
95.268532
65.439569
89.382716
67.241597
96.74933
73.22259
77.558022
71.161718
97.496863
97.546079
96.893775
69.165148
69.165148
95.098055
97.546079
67.241597
92.98978
93.783251
95.933115
96.893775
97.460028
75.337021
94.870195
95.524332
65.439569
95.64106
95.721915
95.297377
95.297377
93.956821
95.64106
97.321208
93.956821
93.956821
93.702595
95.352485
93.702595
93.120933
92.382952
99.593857
99.784661
99.135115
98.396841
92.763359
99.811432
99.135115
97.930251
93.120933
98.539439
98.396841
94.572354
96.479546
92.378973
98.098836
92.378973
97.731793
95.769993
93.702595
87.859749
98.098836
97.537791
98.66899
93.781798
97.537791
98.252802
85.729146
90.23006
88.896909
78.845275
95.352485
64.183662
64.183662
67.5356
57.429476
53.937029
53.937029
59.156433
52.148752
50.40325
55.683563
62.534699
94.669303
88.811513
87.010648
62.534699
59.156433
90.869186
87.637848
78.636716
96.010932
85.54919
80.13823
82.678113
76.972096
94.967912
75.188026
75.188026
71.171831
73.231238
96.502631
96.077889
84.695039
92.748746
68.997292
97.977528
94.523268
95.654058
91.069699
96.483495
93.898891
90.445661
93.12726
95.654058
97.46244
95.028225
93.12726
92.198813
97.744632
94.780938
95.843833
94.780938
98.325645
97.129722
94.724054
97.744632
97.78494
95.46366
97.744632
92.679507
96.798198
92.378037
94.724054
94.162292
93.245967
92.378037
94.724054
90.467026
85.80315
96.763365
84.485941
83.137373
89.453868
89.02572
83.137373
90.483048
90.685254
98.37923
95.713366
88.585487
94.724054
89.02572
86.273577
97.320284
91.537988
94.879356
97.611077
98.325645
87.698362
87.262536
85.191966
97.557912
85.191966
85.752509
85.191966
83.902198
93.336946
89.597836
92.227995
98.028901
84.592557
98.358224
86.835056
93.944583
92.815044
83.902198
96.763365
96.419511
96.946612
85.052157
86.544346
98.134266
87.698362
83.902198
96.053519
92.815044
84.441408
94.415823
93.144435
96.336434
84.441408
80.440831
79.680188
79.680188
90.653582
77.823505
83.803648
93.402477
77.823505
78.831311
81.855953
95.268513
78.831311
78.831311
77.823505
86.328627
83.131929
86.623634
86.328627
86.715336
85.260898
80.678102
75.214546
83.504328
78.410848
85.878227
70.753032
81.452031
70.753032
86.328627
81.065182
81.627513
70.753032
80.592673
81.194659
81.682645
98.722769
65.075568
98.937488
97.940402
76.150319
98.871319
79.8479
99.017693
79.381123
98.184206
79.381123
97.007776
76.910072
74.454212
78.833481
83.504328
95.478348
97.173472
75.360191
77.914769
80.974711
98.49651
81.593585
78.833481
74.60173
72.87228
72.000844
70.355922
71.598496
98.007321
96.092769
70.355922
68.897524
69.422472
69.422472
68.266871
69.422472
67.517663
97.591489
98.85091
72.000844
98.956153
87.632039
85.168606
86.560691
97.843731
87.638315
83.405123
87.638315
80.395335
80.395335
83.405123
82.059415
94.96897
83.405123
87.569815
82.059415
80.395335
69.422472
86.200904
97.431761
86.560691
95.845338
77.541548
79.360929
93.401332
74.596717
79.360929
96.579291
72.192407
72.192407
97.639917
73.507835
70.34329
63.907924
63.907924
59.916148
56.289719
56.289719
53.367801
95.364668
95.364668
51.090408
84.635555
73.507835
84.94254
84.851395
82.220864
82.220864
81.115098
77.262878
75.729956
75.729956
79.935259
81.671476
76.508001
77.984866
81.671476
76.508001
75.729956
94.384517
88.205998
88.205998
94.315555
94.713469
86.770268
81.890833
81.890833
75.140878
65.29467
55.95422
90.48155
65.29467
70.382907
90.932234
87.597444
96.748576
65.29467
60.342923
52.139214
97.167419
84.059824
70.757546
70.757546
70.684
70.757546
89.654461
88.547947
97.240993
68.488019
68.950301
70.534819
70.659201
86.770268
96.329351
97.167419
67.997544
68.950301
67.997544
67.997544
67.461521
66.869262
96.747244
70.250954
89.862152
96.603449
97.200571
97.240993
86.29318
89.043342
87.330879
67.997544
87.766471
85.718671
85.718671
84.427466
96.660926
96.975559
84.427466
82.804926
95.877095
94.921196
82.804926
82.804926
81.803445
51.692967
86.29318
96.660926
96.224559
52.772542
80.651422
52.848778
52.862236
75.770633
52.875543
51.692967
52.875543
93.962453
52.875543
95.416355
52.875543
52.818623
52.904253
52.904253
52.875543
88.633342
89.323561
94.921196
95.683486
96.976116
97.091511
92.235891
52.818623
93.962453
96.374833
96.080321
96.160215
95.723868
52.618704
93.565746
96.22262
52.862236
92.805204
92.805204
90.843355
96.160215
89.774285
93.706895
91.858139
90.843355
90.470828
92.094652
89.774285
89.774285
96.687109
96.841179
95.427146
95.924369
94.806188
94.365667
88.363102
94.529284
88.218854
97.301807
88.218854
88.613753
88.147188
97.293209
87.545013
88.392459
97.244733
96.240645
96.687814
82.184558
96.904165
97.2757
97.081689
84.764345
96.548915
84.764345
84.764345
84.764345
82.184558
97.244733
71.453873
77.566043
83.59554
84.386065
82.567194
85.967024
87.884413
82.567194
77.298289
45.840199
42.600823
71.717856
80.789547
40.590399
45.840199
94.863164
42.600823
42.600823
40.590399
77.298289
40.590399
95.881066
97.244733
97.15798
74.585324
74.915063
74.915063
74.80457
71.363676
73.317912
66.683387
38.400534
51.29868
51.29868
41.355482
34.064817
36.096957
36.096957
36.096957
73.317912
56.516779
56.844945
56.149946
56.30937
55.835424
54.350545
52.835355
53.603856
52.062852
51.279286
48.578548
50.449563
55.086015
96.417373
91.853149
52.062852
55.835424
91.950405
91.007636
90.453626
90.739935
95.653546
91.679838
89.532961
90.17085
50.449563
90.453626
89.208757
89.532961
93.107096
94.863164
88.880999
91.68471
93.910283
88.880999
88.880999
88.880999
90.739935
88.08679
87.806108
87.26052
87.572375
86.653262
87.26052
84.720443
84.720443
82.550003
84.273849
96.850326
94.649693
90.741473
80.998114
61.575391
86.291241
80.998114
94.195597
90.334874
60.005219
95.783638
58.790066
86.98223
96.542749
95.653546
81.847958
95.266103
61.948529
86.98223
61.948529
94.615679
96.102839
89.552191
96.378814
88.43478
60.78314
96.659032
60.78314
61.400694
95.174995
56.218093
56.218093
56.218093
96.412948
95.664059
46.979402
52.205069
97.137512
41.861903
96.93965
37.769814
97.077506
97.169798
97.087072
90.863221
96.282638
89.563809
90.863221
86.933759
87.789149
97.169798
96.682411
61.400694
95.430907
85.974288
94.900455
85.48138
85.974288
85.974288
93.588418
85.48138
84.985934
94.63334
92.809646
85.48138
89.130633
84.985934
94.322018
88.683319
88.246962
76.083061
76.429091
76.083061
76.983134
77.33533
77.122828
75.083523
77.200042
75.733382
75.083523
75.083523
75.083523
74.375962
74.375962
77.200042
91.974268
91.465921
74.375962
90.400467
90.781041
87.651102
88.154843
87.121779
88.154843
87.121779
86.569015
86.032383
86.032383
86.569015
86.032383
85.440104
88.154843
80.950664
81.813696
81.813696
79.938781
77.178705
62.384862
87.313799
88.350278
62.384862
55.121798
88.350278
41.171742
41.171742
86.908788
35.502497
27.699488
25.839631
72.792152
97.055645
25.839631
27.699488
73.809713
96.954583
79.510143
83.521887
65.48014
83.521887
83.274441
82.916059
81.321714
82.676104
87.527519
80.483191
88.593232
84.697014
80.483191
82.797428
86.908788
80.178397
80.178397
80.178397
80.178397
60.392107
60.392107
59.480287
79.497007
79.0219
59.480287
17.816428
18.266559
81.321714
19.929126
79.0219
62.330117
21.211148
22.443748
23.283417
62.330117
24.253293
64.393628
65.498194
67.599773
49.141772
68.681365
47.930821
50.037491
46.8576
49.576929
47.551052
24.643603
24.793275
84.783396
86.615556
22.878638
85.372524
24.793275
85.886491
25.220308
86.645623
24.951926
25.090973
86.293265
25.476948
24.643603
48.328952
46.200709
85.654913
86.293265
85.654913
63.613019
51.677724
51.677724
63.613019
86.615556
63.613019
23.468382
23.468382
25.952676
22.462075
51.677724
24.384412
74.791758
92.90005
92.900176
26.574282
26.574282
27.136655
27.136655
78.558967
27.37696
27.136655
27.37696
27.616819
26.256122
27.136655
27.836798
57.306588
59.084849
56.202067
55.61041
58.290109
54.308447
52.761529
53.580409
90.178775
93.121543
54.308447
51.725855
50.281563
51.725855
51.725855
48.343742
54.971025
49.140756
92.973229
85.702722
48.343742
88.334031
92.198986
47.961145
85.88192
48.912428
92.766317
47.642734
48.267315
46.975752
46.624821
45.853517
45.853517
46.975752
45.391913
45.853517
45.391913
45.391913
45.853517
49.290634
47.642734
48.748928
87.343627
89.895371
48.748928
48.476238
78.596783
47.917071
48.191134
85.702722
46.458193
46.458193
46.083433
76.613963
46.786334
81.534051
47.917071
47.917071
45.654266
95.818412
46.786334
77.551428
80.942576
92.52491
75.758724
93.83885
77.551428
93.83885
83.954677
46.786334
46.458193
90.847189
92.874266
80.34402
91.746342
90.512512
91.746342
89.237715
88.540437
89.237715
88.540437
89.237715
87.809518
92.312114
79.736074
83.343063
89.237715
88.540437
77.083242
88.893043
79.736074
89.182668
91.385009
79.926223
74.605222
86.001742
76.613963
87.981759
89.189199
86.634541
88.601033
85.761509
88.601033
82.770941
81.523535
81.523535
81.523535
81.523535
80.104093
80.104093
78.461822
86.023804
70.924056
85.033238
87.334224
85.463441
85.803362
70.671852
70.671852
70.382093
69.933572
85.033238
84.336232
62.25086
68.646703
62.25086
68.256254
47.012947
62.25086
62.25086
66.936071
62.25086
62.25086
69.933572
59.264812
66.409425
62.25086
65.851006
63.680994
65.851006
85.994316
62.058617
63.130992
83.352679
61.528652
85.289451
61.038931
61.038931
82.833769
61.528652
61.528652
60.597304
60.597304
64.246387
61.291089
61.291089
61.291089
61.291089
61.158576
58.856183
57.948377
59.695703
54.15173
56.593653
83.925319
83.352679
43.80889
49.880368
43.80889
43.80889
59.695703
46.955089
43.80889
62.831047
46.955089
42.945091
46.955089
46.955089
41.160981
34.966899
82.444477
36.008878
34.966899
34.966899
33.654035
81.68392
34.966899
34.966899
80.889427
34.966899
51.562813
80.430371
80.889427
61.468398
79.323957
81.279084
80.038611
50.713789
30.322054
61.468398
74.896411
22.978238
30.322054
81.443772
23.344976
23.344976
23.344976
22.978238
23.957063
82.833769
82.074806
80.430371
79.685843
23.344976
22.978238
86.445927
96.454507
86.665761
30.322054
90.168008
81.877838
81.279084
90.168008
86.878994
78.639951
95.404046
79.323957
83.801984
84.247607
96.454507
94.946663
94.946663
96.996436
96.996436
95.850305
41.947128
68.951782
88.503945
41.947128
99.042024
39.987159
41.947128
41.947128
99.14535
38.795182
38.795182
88.503945
98.202206
97.713804
99.117498
99.152011
58.03181
58.03181
83.324449
29.926113
38.441717
92.129709
38.441717
30.823785
29.926113
70.196244
29.926113
29.926113
29.926113
39.987159
84.889731
29.926113
48.674642
32.505926
86.543927
98.125644
84.240411
84.889731
42.919502
42.919502
98.241117
42.919502
97.868595
70.842612
98.352434
84.240411
98.930577
77.984477
60.664472
99.013994
31.183273
31.183273
31.183273
34.147334
81.333081
70.454149
70.154905
69.673962
65.624286
98.57897
98.57897
43.12875
50.658398
32.542854
70.454149
32.542854
30.497274
30.497274
30.497274
30.497274
35.047618
29.0421
25.168415
59.211247
29.0421
32.542854
97.347921
29.0421
96.620819
17.380259
25.168415
96.786077
17.933954
29.0421
17.380259
25.168415
75.521265
17.933954
17.933954
17.380259
75.521265
22.769297
76.438951
97.087322
17.380259
29.0421
74.469254
70.094634
76.438951
70.094634
33.364181
86.614811
36.74902
72.138348
30.991875
96.48378
97.46878
30.991875
67.411539
86.3533
49.52046
33.364181
98.867913
98.598386
33.364181
97.197662
97.087322
81.706767
32.772991
59.241113
89.009089
79.247931
30.991875
35.035124
91.779953
67.411539
37.040004
96.786077
32.266928
32.266928
32.266928
99.132597
99.124263
99.137698
99.044586
32.266928
98.190854
96.1241
96.090769
98.767596
31.978077
98.67043
96.1241
32.772991
98.075225
99.099945
32.772991
98.353371
99.031498
98.476528
37.040004
97.608817
97.954498
97.944078
98.577651
36.070011
97.364466
38.817011
97.727431
40.661334
37.874769
43.073895
43.952647
43.073895
43.785589
42.634167
40.126336
32.332671
36.408814
36.408814
43.618547
25.997279
36.408814
97.098292
95.913695
92.157621
91.693764
44.175255
85.280835
92.650025
86.963743
60.702899
60.702899
60.702899
37.161385
35.354168
44.175255
80.285958
70.904603
40.146719
90.574179
78.663234
67.744599
91.155392
60.522896
40.447441
34.631196
34.631196
33.255714
40.447441
67.744599
35.354168
34.631196
33.255714
75.335262
98.831294
33.255714
98.712174
32.296569
45.462165
34.631196
67.817793
68.55687
67.817793
68.548179
68.408915
68.178975
68.275008
67.381675
68.178975
67.381675
97.235926
97.608817
67.381675
66.117936
66.79299
66.79299
92.306669
91.135893
66.117936
91.135893
91.135893
68.499032
90.009849
88.814101
88.814101
81.547791
73.727925
73.727925
49.111284
55.464775
73.727925
64.10145
64.10145
89.214118
73.592819
73.242203
71.230056
70.730603
72.940661
72.940661
71.707328
69.647505
68.435083
69.057002
67.762117
69.057002
68.435083
65.323554
67.762117
72.151353
84.070441
97.566716
89.911953
84.070441
97.030023
89.911953
82.624513
83.370569
78.643383
78.643383
77.36729
62.813917
99.224935
55.498224
62.813917
62.813917
99.257313
99.205166
99.272137
95.650162
96.691955
55.498224
71.411059
97.566716
55.498224
96.631241
98.780087
97.141391
98.692587
78.643383
84.802877
98.354842
83.594674
96.194261
97.842602
98.254887
95.650162
98.453221
97.030023
71.061823
84.252958
98.57925
83.594674
78.810637
71.061823
82.761707
98.254887
99.094113
73.796901
98.900915
99.094113
55.498224
86.926466
97.182966
94.851597
97.425785
80.98693
75.825354
73.796901
75.825354
67.185475
97.934911
67.185475
81.920773
82.986473
82.833787
82.833787
82.833787
82.833787
80.391054
80.391054
81.779501
76.639765
76.639765
77.46632
94.522063
74.806669
73.765716
81.779501
85.298117
73.765716
84.565412
84.979205
81.838687
80.236039
81.838687
81.053362
74.806669
83.973471
91.537324
76.227724
96.378217
73.20182
96.860198
68.641442
76.227724
68.641442
98.181434
53.320357
97.141539
43.284201
82.529878
88.71878
88.71878
63.229726
88.71878
37.666857
63.229726
76.03778
88.622229
97.316805
98.181434
97.985762
97.740096
96.52941
45.585499
98.207231
39.362912
36.339786
97.511478
36.339786
96.026036
36.339786
39.362912
39.362912
63.229726
98.080388
96.157624
86.704304
87.55655
89.146809
89.146809
88.415894
81.786849
83.937347
51.453179
51.453179
70.945495
70.945495
70.945495
61.629931
61.629931
85.717153
86.425073
61.629931
85.150835
85.717153
86.342431
86.171776
85.150835
84.552082
83.91593
82.491109
83.264795
84.552082
83.264795
98.251192
94.250696
88.689527
86.330021
86.330021
24.616908
24.616908
96.157624
78.868389
97.87253
94.795978
83.937347
97.573687
97.609586
25.585349
25.744603
26.0261
26.143628
92.945226
25.95745
97.098737
26.074884
26.0261
26.143628
26.143628
26.143628
94.795978
95.739788
25.95745
26.039131
26.143628
88.689527
86.596434
95.149326
83.972169
83.972169
90.543713
