Thresholds: [2, 10, 5, 0, 14, 1, 11, 4]
Node 1: [12, 2, 6, 4, 14]
Equation: 3
Node 2: [1, 4, 8, 3, 14, 7, 0]
Equation: 3
Node 3: [10, 15, 12, 16, 13, 6, 5, 0, 11, 1]
Equation: 3
Node 4: [8, 10, 6, 9, 7, 12, 2, 15]
Equation: 1
Node 5: [9, 11, 10, 5, 0, 17, 8, 15, 14, 7, 4, 13, 1, 16, 2, 18]
Equation: 3
Node 6: [10, 6, 1, 15, 8, 14, 18, 11]
Equation: 4
Node 7: [3, 13]
Equation: 1
Node 8: [4, 11, 10, 17, 18, 3, 20, 21, 9, 2, 7, 1, 12]
Equation: 2
Node 9: [4, 22, 1, 13, 16, 18, 8, 7, 6, 15, 20, 21, 2, 19, 17, 3, 9, 5, 0, 10, 14, 12]
Equation: 1
Node 10: [9, 13, 3, 1, 4, 18, 20, 21, 11, 22]
Equation: 2
Node 11: [10, 1, 7, 15, 4, 23, 2, 5, 12, 20, 9, 16, 18, 0, 17, 22, 6, 11, 8, 21, 24, 14, 3, 13]
Equation: 3
Node 12: [12, 23, 11, 4, 24, 17, 15, 7, 0, 22, 18, 3, 2, 9, 5, 10]
Equation: 3
Node 13: [18, 4, 23, 5, 9, 24, 10, 15, 12, 11, 20, 21, 1, 16, 7, 22, 2, 26, 25, 0, 17, 6, 14]
Equation: 2
Node 14: [13, 4, 10, 18, 7, 12, 17, 19, 24, 0, 23, 21, 15, 27, 3, 2, 6, 5, 20, 9, 14, 22, 11, 16, 25, 1]
Equation: 2
Node 15: [9, 1, 20, 16, 6, 8, 7, 18]
Equation: 3
Node 16: [2, 22]
Equation: 3
Node 17: [8, 11, 30, 10, 0, 2, 25]
Equation: 3
Node 18: [4, 31, 8, 23, 22, 9, 19]
Equation: 2
Node 19: [6, 16, 7, 18, 14, 29, 27, 22, 31, 3, 5, 26, 4, 9, 28, 30, 10, 24, 17, 2]
Equation: 1
Node 20: [8, 32, 11, 26, 1, 14, 15, 10, 3, 19, 31, 18]
Equation: 3
Node 21: [32, 3, 27, 17, 18, 12, 10, 15, 1, 0, 29, 13, 23, 30, 31, 28, 24, 19]
Equation: 4
71.92331358708189