97.92071
83.919053
72.493004
65.764494
47.586886
29.325253
40.016302
21.200783
21.200783
26.293489
17.389251
17.389251
14.627782
15.893922
15.893922
86.354244
47.586886
99.98905
93.629456
90.336558
87.085976
63.524992
59.75656
51.342256
42.53553
24.997913
20.474335
15.716263
17.08856
22.573337
17.08856
66.915087
100.0
89.743489
82.917372
96.78681
83.953773
81.86843
67.936909
62.55069
55.970039
52.318296
27.105473
30.100374
22.058067
19.963883
24.435795
81.86843
99.517203
97.062012
96.114435
69.398349
86.424123
54.230262
58.711503
54.230262
51.971247
45.449184
43.335722
41.312009
41.312009
41.312009
39.335746
60.933074
99.148195
98.870151
98.121682
97.466578
97.719514
90.115464
89.125958
86.882142
86.882142
84.223633
82.717576
79.387946
79.387946
71.341292
73.518483
92.688572
71.721173
98.786187
98.384395
97.283822
64.933938
56.690186
82.487432
53.569794
52.043669
50.521459
47.538701
47.538701
46.081875
44.610548
43.141831
88.001619
99.995072
99.998357
99.998357
99.999452
99.550294
95.989656
89.118564
93.889386
86.994713
81.80169
81.80169
81.80169
41.473091
41.473091
33.942066
99.398584
95.329269
76.503016
79.511337
73.545721
76.503016
68.16894
65.720002
65.720002
63.371353
61.131121
63.371353
55.165623
53.386263
51.69629
50.083231
68.16894
95.329269
76.503016
79.511337
73.545721
76.503016
68.16894
65.720002
65.720002
63.371353
63.371353
61.131121
55.165623
53.386263
51.69629
50.083231
68.16894
95.06775
95.06775
93.897592
93.570931
92.909252
91.244198
91.244198
89.46301
86.558477
79.214741
79.214741
70.182423
79.214741
70.182423
70.182423
91.890151
100.0
100.0
100.0
100.0
100.0
99.950744
97.11879
97.11879
97.11879
96.854565
97.11879
96.854565
96.576962
95.91706
95.509743
79.649352
99.903722
72.327634
70.59915
75.532597
61.178425
57.487676
55.686059
53.926971
50.388617
45.08888
50.388617
45.08888
46.840303
46.840303
43.318042
57.487676
88.090759
82.448703
81.541278
89.215212
83.253405
73.887309
70.095955
73.887309
72.077861
63.390269
65.736798
58.482319
50.953203
60.950156
50.953203
81.541278
95.645798
93.910146
95.37258
95.37258
95.187662
94.496158
94.496158
93.910146
94.131837
91.502495
85.934905
84.944046
82.772686
80.281337
81.555843
94.925438
99.496058
94.662693
99.496058
98.34466
97.776017
85.489194
86.935494
84.020206
80.909808
75.823929
63.820463
63.820463
56.538376
56.538376
51.085184
92.640614
99.992705
99.937398
99.918558
99.559811
99.830854
98.910131
98.698187
97.792369
98.154342
98.154342
97.792369
95.582901
93.900639
92.87833
92.87833
97.792369
99.999874
99.999874
98.248472
100.0
99.999874
98.020615
97.602436
97.421117
96.894878
96.501454
92.910025
92.910025
93.605222
91.092274
91.092274
98.461413
99.996604
99.526533
99.999874
99.99912
99.526533
98.038142
98.844707
96.912595
97.444283
96.912595
96.38329
96.097155
96.097155
96.657852
95.489334
98.844707
99.799273
99.907382
99.317773
95.123151
98.906808
94.181187
94.181187
93.637967
93.637967
93.637967
91.745506
90.996247
89.337358
81.664296
78.921944
94.6669
99.971706
99.870232
99.744055
99.765709
99.744055
98.993388
98.874211
98.874211
98.745139
98.445806
98.445806
98.267781
98.066803
97.612262
97.847856
99.976107
98.993388
99.969318
99.976107
99.891314
97.961794
86.655672
88.200817
87.435455
80.663281
79.725666
77.748841
76.699459
76.699459
75.647063
74.551848
98.260979
99.985411
100.0
99.978495
100.0
99.978495
99.971329
99.942926
99.959514
99.899724
99.827344
99.716156
99.636674
99.636674
99.535006
99.417505
99.985411
99.985663
99.984657
99.978873
99.977238
99.887172
99.708652
99.535504
99.708652
99.535504
99.535504
99.535504
98.887001
98.887001
97.807529
97.807529
99.708652
99.985663
99.984657
99.978873
99.887172
99.977238
99.708652
99.535504
99.708652
99.535504
99.535504
99.535504
98.887001
98.887001
97.807529
97.807529
99.708652
99.992957
99.270523
98.52926
99.065304
98.720248
98.371013
98.479586
98.327578
98.52926
98.327578
98.278106
97.845568
97.638876
96.814286
97.022944
75.172755
98.52926
93.544279
99.888052
99.998239
99.987923
99.822455
99.539742
99.539742
99.581011
99.496638
99.392771
99.496638
99.496638
99.392771
99.392771
100.0
98.745752
99.317153
99.22208
96.350583
95.197302
94.457019
93.568316
91.923086
92.519478
91.923086
89.804499
88.996928
89.804499
88.996928
86.39867
94.830184
99.996352
98.866464
98.866464
98.302532
97.146956
96.631653
96.247001
96.247001
96.040387
95.819759
94.419774
95.344238
94.419774
94.419774
93.589905
96.815819
99.257386
99.089876
98.985746
98.595612
98.985746
98.898564
98.955314
98.877531
98.595612
98.726255
98.407177
98.154463
98.762926
98.051805
98.642099
100.0
98.964922
99.251314
100.0
99.999371
99.88416
99.050616
98.930562
99.337753
98.624356
98.211089
98.211089
97.033128
96.252361
99.417381
96.252361
99.251314
99.883629
99.883629
99.811574
99.830875
99.045347
98.622041
98.351021
98.351021
97.658503
97.202672
95.291395
94.430582
92.373448
93.459512
91.13779
98.622041
100.0
100.0
100.0
97.991739
96.233998
99.999855
95.998168
95.465629
95.151026
92.728925
93.377768
91.952437
91.04172
91.04172
89.92844
97.991739
99.999422
99.131496
99.999566
99.954054
99.693773
98.197318
97.382738
96.176202
95.86368
95.538272
94.848371
94.484621
94.848371
94.484621
94.07885
99.131496
99.92518
99.996097
98.963595
98.862194
95.34235
93.378146
93.927232
92.765357
91.389175
84.674097
83.457711
83.457711
80.815248
79.433202
77.946634
99.836638
94.44025
99.866182
99.705556
99.779328
99.672085
98.840442
98.840442
98.702948
98.702948
98.211259
97.775824
97.524413
96.955555
96.266404
96.955555
98.960622
54.766953
83.116453
99.705412
99.735598
95.888793
91.968573
96.219542
95.524816
95.524816
89.884391
89.139804
88.363978
73.110896
87.564394
73.110896
97.280172
100.0
100.0
100.0
100.0
99.989305
99.976155
99.885792
99.915077
99.885792
99.801927
99.7425
99.672659
99.461578
99.579977
99.325631
99.915077
85.690445
99.810137
99.978322
99.976444
99.941492
99.802791
99.668926
99.668926
99.162331
99.470445
99.470445
98.726894
98.726894
97.49239
97.49239
99.873823
99.810137
85.690445
99.941492
99.978322
99.976444
99.802791
99.668926
99.668926
99.162331
99.470445
99.470445
98.726894
98.726894
97.49239
97.49239
99.873823
98.603486
99.162615
98.986393
98.871944
98.283953
98.256314
98.175719
98.218509
97.884563
97.958993
97.958993
97.295632
96.994568
96.994568
96.816205
100.0
98.218509
99.997254
100.0
100.0
99.629884
99.629884
99.409554
99.512511
99.409554
99.354731
99.296975
99.354731
99.354731
99.233735
99.158919
99.558768
99.18067
99.216088
98.561482
98.426583
93.211065
92.679235
89.310118
90.828239
89.310118
90.09709
87.559185
86.630494
87.559185
84.680212
87.559185
94.1047
96.908019
99.998121
96.146929
98.175579
96.908019
96.146929
95.223977
95.475115
95.475115
95.223977
94.368495
93.639271
94.029236
93.194867
92.144724
96.555006
99.041944
98.910252
98.438067
98.846515
98.246406
98.825334
98.711116
98.38431
97.975086
98.438067
97.754962
97.975086
98.07384
97.754962
97.754962
98.756772
99.999855
99.999855
99.139026
99.998844
99.403127
98.908273
98.608827
98.419721
97.947204
99.329767
97.947204
96.989129
96.989129
96.602196
97.661536
99.238148
99.980758
99.939944
99.921379
99.85972
99.821874
99.048192
98.875613
98.09392
98.09392
97.718189
97.718189
93.650412
97.281849
92.595839
92.595839
99.048192
99.999607
98.630349
99.999869
100.0
97.506501
99.999345
97.317669
97.506501
96.577902
93.356588
92.63357
92.63357
92.63357
91.780949
90.739687
97.707065
99.999607
99.999607
99.999738
97.625018
99.958516
98.365393
97.959561
96.241556
96.525909
97.625018
95.314179
95.636997
95.944048
95.314179
94.61054
97.959561
99.948444
99.96244
99.419356
98.862944
95.384404
93.960422
94.46685
93.400082
93.400082
92.135219
89.833957
92.135219
88.941573
80.997131
78.179032
94.938158
99.971468
99.893022
99.740276
99.762422
99.711371
98.97837
99.084811
98.724812
98.724812
98.579432
98.419006
98.236101
98.236101
97.565287
97.300933
99.084811
53.61832
99.825787
99.859197
99.859197
89.311175
81.005806
98.318925
87.798284
79.093569
79.093569
77.074296
77.074296
76.003069
74.929296
73.814397
97.878971
99.985732
100.0
99.978795
100.0
99.971337
99.959562
99.959562
99.942821
99.924124
99.822656
99.770501
99.625276
99.625276
99.397233
99.519486
99.985601
99.985732
99.984946
99.977225
99.980889
99.819265
99.945044
99.697836
99.697836
99.517801
99.517801
99.517801
97.72144
98.843242
98.843242
97.72144
99.883617
99.985601
99.984946
99.980889
99.977225
99.945044
99.819265
99.697836
99.697836
99.517801
99.517801
98.843242
99.517801
98.843242
97.72144
97.72144
99.883617
99.998036
99.240969
98.470011
99.081084
98.668699
98.418372
98.384018
98.345129
98.345129
98.14812
98.08019
98.009085
97.54149
97.2624
96.1173
98.470011
93.534048
100.0
100.0
99.979842
100.0
99.615011
99.615011
99.615011
99.442784
99.486433
99.390249
99.327564
99.442784
99.269344
99.530639
99.846536
98.572944
98.192154
98.101605
95.353564
95.010903
94.243528
93.32294
90.946153
91.620436
91.620436
89.431325
89.431325
88.598031
88.598031
85.920523
94.630231
99.995287
98.955414
98.691264
98.344749
97.03283
96.497618
95.884189
95.884189
95.654842
95.41598
95.162299
94.872712
94.563687
93.798537
93.345636
96.688785
98.98132
99.030471
98.990684
98.41051
98.922993
98.852836
98.887774
98.582867
98.87267
98.709247
98.582867
98.779456
98.167041
97.967602
98.582867
98.887774
99.599164
100.0
99.219312
99.999345
99.819004
98.88483
98.73834
98.566457
97.876714
98.360073
97.876714
96.533595
96.533595
96.533595
98.88483
99.219312
99.866721
99.854187
99.802055
97.549708
99.753657
97.945845
98.552673
97.945845
97.945845
97.10462
97.10462
85.8193
83.843941
83.843941
81.672403
97.945845
100.0
100.0
100.0
99.995749
99.645438
95.61022
95.353567
94.786878
94.786878
92.045128
92.045128
90.490591
85.187011
90.490591
85.187011
95.61022
99.999815
99.999815
99.278804
99.999815
99.932208
98.243951
96.16272
91.728469
92.290239
91.132183
89.823507
89.036021
89.823507
88.130518
89.823507
99.278804
99.745013
99.283359
97.979372
97.596519
88.790233
84.445568
83.169812
83.169812
80.469132
79.006645
79.006645
77.481124
75.894073
72.573442
70.842969
85.653127
99.963784
99.839444
99.601042
99.639932
99.601042
98.439877
98.439877
98.749293
98.598655
98.067288
97.848058
97.60409
97.60409
96.728906
96.728906
98.880688
62.930908
44.771417
99.981519
99.038535
97.615714
96.178106
96.178106
96.468113
96.178106
87.216103
92.64061
89.799055
92.001299
66.37092
87.216103
96.981724
99.997412
99.997412
99.997597
99.998152
99.969325
99.917443
99.847552
99.729935
99.656267
99.291741
99.291741
95.966041
95.966041
95.966041
96.688971
99.969325
99.991866
99.977454
99.975052
99.96951
99.925563
99.741703
99.741703
99.5609
99.305228
99.305228
99.305228
98.331807
91.754294
87.413677
87.413677
99.991866
99.836865
99.977454
99.975052
99.96951
99.925563
99.741703
99.741703
99.5609
99.305228
99.305228
99.305228
98.331807
91.754294
87.413677
87.413677
99.836865
99.817523
98.93946
98.615729
98.615729
98.011145
97.70739
97.647252
97.587012
97.647252
97.381666
97.296899
97.203022
95.832256
96.064195
90.473793
97.763891
100.0
100.0
99.933131
99.942731
99.580325
99.909509
99.350273
99.407412
99.350273
99.222722
99.222722
99.149619
99.222722
99.07227
99.222722
99.580325
97.837087
96.81875
93.363408
91.209927
90.54966
88.231131
89.849315
87.303929
87.303929
87.303929
86.33824
84.185645
81.886763
84.185645
83.046354
88.231131
96.770778
98.479837
98.285895
97.763185
96.382524
94.087918
95.233552
94.087918
93.085815
92.675047
91.201931
92.675047
92.238313
89.833351
91.751493
98.551416
95.483828
98.551416
98.551416
98.50243
98.445072
98.328232
98.328232
97.788278
98.220407
98.183329
98.07191
97.944781
97.205118
97.059325
97.059325
98.352186
100.0
99.513284
100.0
99.985954
99.925933
98.716318
98.370606
98.155718
98.155718
97.297599
97.297599
96.515096
96.058566
96.058566
94.994091
99.404672
99.851113
99.842592
99.778444
99.778444
96.510699
98.288921
98.568823
97.554386
96.510699
97.554386
94.099121
83.383541
83.383541
81.168479
78.767458
98.568823
100.0
100.0
100.0
99.995631
96.293925
95.231738
94.953142
94.297162
93.036678
91.85446
91.85446
91.133688
90.2725
84.900354
84.900354
95.494476
100.0
99.99981
100.0
99.998101
99.259226
96.060418
92.085176
93.103149
92.085176
90.894055
90.268785
89.546537
89.546537
88.734386
87.802787
96.060418
99.96753
99.839373
94.815821
97.771975
95.976709
84.316078
84.316078
81.705621
80.28897
78.805188
78.805188
77.260793
75.655984
73.992838
72.294659
99.839373
85.53501
99.018583
98.29773
97.888869
99.562386
99.112908
99.112908
98.473504
98.473504
98.106126
98.106126
97.648477
97.648477
96.041491
96.788201
99.199002
72.556367
99.559373
98.912541
99.865698
96.330222
95.689395
95.332447
94.050035
95.689395
90.264607
92.985081
86.820905
86.820905
89.464669
64.35242
96.027127
99.994112
99.99981
99.99981
99.886161
99.968858
99.915734
99.646244
99.723444
99.646244
99.268209
99.268209
95.852291
95.852291
95.852291
99.937357
99.970757
99.9793
96.593215
99.919527
99.970757
99.281875
99.964492
99.828393
99.88654
99.960317
99.730434
99.281875
91.541892
87.106627
88.576135
90.070333
99.88654
99.9793
99.970757
99.970757
99.964492
99.919527
99.88654
99.828393
99.960317
99.730434
99.281875
99.281875
90.070333
91.541892
87.106627
88.576135
99.88654
98.578052
99.812494
98.678938
98.493032
97.957718
97.646123
97.5224
97.5224
97.312035
97.5224
97.312035
97.129268
95.43458
90.303779
90.303779
97.758359
100.0
99.99943
99.977201
100.0
100.0
99.818172
99.613249
99.527376
99.477352
99.357198
99.212088
99.290114
99.290114
99.290114
99.357198
100.0
97.553121
96.891161
94.015101
90.988782
89.597895
86.99608
88.812376
86.00957
86.99608
86.99608
84.958034
82.65021
81.468047
83.812311
81.468047
86.99608
96.871372
95.366467
98.23995
97.876494
96.287761
95.109931
93.937431
92.911235
92.911235
92.044604
93.617044
92.044604
92.044604
89.588137
87.827835
95.623349
98.474056
98.523814
98.48732
98.415333
98.402457
98.330043
98.353005
98.136667
98.307642
98.136667
97.821026
97.732226
97.270142
95.221231
97.128013
98.353005
99.499913
100.0
100.0
99.99848
99.074299
98.681342
98.32637
97.56451
98.105578
97.56451
97.225054
95.954318
95.428353
95.428353
95.428353
99.635439
98.828984
99.073599
98.898638
94.544934
92.36059
51.3765
47.47723
43.521824
47.47723
47.47723
39.636452
35.951521
20.295454
24.198128
20.295454
83.153366
100.0
100.0
99.954981
93.115747
86.40335
85.387369
65.949063
44.832885
40.723866
36.927325
30.384928
27.642328
25.238638
19.695306
19.695306
86.40335
100.0
100.0
99.984856
92.903006
92.903006
84.702721
84.702721
83.679759
82.606076
47.504379
43.566791
39.799868
39.799868
29.971031
27.246496
90.591736
90.966179
90.219064
81.405845
90.966179
75.006428
91.675832
73.20099
71.303888
65.328633
63.245726
61.132486
56.863243
54.738082
52.619856
46.401246
97.065503
75.006428
99.367497
98.733619
98.962224
98.733619
96.370529
95.965789
93.891787
95.02621
88.951761
88.951761
90.910804
86.625602
85.301147
82.41315
96.370529
97.553882
99.89767
99.683735
72.720843
93.120586
59.183808
87.30626
57.708028
53.268167
51.798341
81.453681
78.669752
69.723598
68.171431
45.944016
60.662155
99.820167
99.999203
99.999601
99.99721
99.549256
99.549256
98.099338
97.600181
97.00283
97.00283
88.008812
85.741332
85.741332
80.138754
83.123613
99.417503
99.93189
97.629804
81.212957
94.962547
93.15274
81.212957
78.701339
74.00049
71.811253
71.811253
69.691448
69.691448
65.667876
65.667876
63.829646
76.301408
99.93189
97.629804
94.962547
93.15274
81.212957
81.212957
78.701339
74.00049
71.811253
71.811253
69.691448
69.691448
65.667876
65.667876
63.829646
96.739516
76.301408
96.243359
93.955077
95.959183
94.935598
93.728332
93.237553
93.237553
92.631346
92.280757
92.280757
90.280097
83.469293
75.688199
78.849992
93.480383
100.0
100.0
99.999601
98.015025
99.91995
99.428141
98.183412
98.015025
98.015025
97.465581
97.465581
97.235539
96.984831
96.69403
96.69403
99.879774
91.113185
83.842229
84.846517
80.409979
74.553305
71.160097
71.160097
69.421094
67.689369
65.964148
65.964148
64.274918
62.593275
55.706118
55.706118
72.91189
95.644583
93.651362
92.512823
88.637191
87.476422
77.448232
80.375718
77.448232
73.85128
69.720885
69.720885
65.19283
65.19283
60.422271
60.422271
85.434473
96.671676
96.824637
96.730938
96.329458
92.6748
95.796869
95.796869
95.140079
95.520774
94.146166
92.6748
92.6748
91.103921
91.696271
88.261451
95.92983
97.272484
99.428929
99.19542
98.956369
98.522701
92.777268
92.777268
90.865367
84.8936
83.506798
80.614606
79.069914
77.443929
75.754474
69.998661
95.023331
99.81212
99.754453
99.715198
94.641864
93.651157
83.778204
81.484018
83.778204
81.484018
52.852538
48.87492
44.979631
52.852538
41.267665
31.76253
85.901519
100.0
94.743439
93.983259
99.976725
94.357142
92.858122
92.425614
89.502077
86.582941
79.626444
46.520124
42.741965
42.741965
39.273847
30.809293
93.614816
100.0
100.0
100.0
93.844535
94.985141
93.844535
92.183717
92.183717
89.70495
87.412147
87.412147
83.367535
81.987598
80.362223
45.4129
92.753219
99.889397
99.771972
96.500236
84.191731
78.500778
80.05191
75.217074
75.217074
73.459317
71.639927
69.759916
71.639927
61.856275
65.877015
59.816757
99.138154
78.500778
98.556443
99.43061
99.47835
99.43061
94.198162
93.58273
94.754144
94.754144
94.198162
94.198162
92.91005
92.191197
89.447981
90.439253
94.198162
99.95885
78.033984
98.987145
80.781157
97.643073
83.157326
93.971725
86.48005
78.292085
90.157984
84.326377
86.48005
80.781157
58.215145
78.292085
94.853407
99.997729
99.998013
99.997729
99.999148
99.698263
99.354322
98.673233
98.327806
97.899
96.758172
96.025627
96.025627
95.119554
95.119554
95.119554
99.4924
99.947787
99.947787
99.829943
99.878633
99.878633
95.184073
97.522496
95.184073
93.666598
91.958206
90.123381
86.262533
75.205992
71.914182
70.353222
99.878633
99.947787
99.947787
99.878633
99.829943
99.878633
97.522496
95.184073
95.184073
93.666598
91.958206
90.123381
86.262533
71.914182
75.205992
70.353222
99.531198
99.878633
97.547885
96.801251
96.560024
96.301035
95.262334
95.052043
94.254122
95.262334
94.254122
93.92211
93.508941
93.064462
84.469354
95.779389
84.469354
99.997445
100.0
100.0
100.0
99.873252
99.373944
99.317342
99.423874
99.1912
99.021653
98.922925
98.722739
98.826058
97.844608
98.033878
99.571434
95.564998
90.441575
88.302084
87.482707
84.563452
84.563452
82.241825
69.300935
72.284474
69.300935
66.203285
66.203285
66.203285
64.596125
62.954569
80.962758
95.265683
93.449399
97.477154
96.478561
88.896461
89.495028
87.437318
86.58592
80.388635
80.388635
80.388635
73.098762
75.068147
68.913689
71.056481
86.58592
97.921045
97.88186
97.544643
97.497931
97.443984
94.484712
94.119376
95.890732
96.869405
95.13908
94.484712
94.119376
93.70971
93.70971
93.253941
94.826848
100.0
100.0
98.514267
99.88798
97.877236
91.911414
94.250087
93.53427
92.771786
91.024727
90.090648
89.101327
85.815919
88.048016
81.995996
98.514267
99.601475
99.437561
98.974989
94.945076
79.17969
49.143552
45.181248
45.181248
45.181248
34.0595
37.540741
37.540741
28.011371
23.322661
21.443475
84.133025
100.0
99.999616
99.999616
94.836508
99.99808
86.314764
51.425841
71.314301
64.177652
39.109273
35.532312
29.476374
29.476374
22.815816
21.102248
81.030658
100.0
100.0
100.0
92.580005
93.334863
92.580005
90.441577
87.376152
85.653016
83.687465
45.533018
61.035643
38.078959
41.699612
31.593186
92.580005
98.109184
97.704293
94.396155
95.251367
68.906193
85.012715
70.837107
62.753348
68.906193
60.614002
58.513514
54.243396
54.243396
54.243396
47.997243
72.720622
99.41137
96.590323
98.689182
98.555847
98.812379
90.490917
89.560729
89.560729
88.476592
88.476592
87.315802
84.697518
79.955911
76.203602
91.371652
74.083493
97.053968
98.236865
98.631621
69.548799
94.476631
89.746532
87.025768
79.751456
84.829671
81.099042
76.9114
76.9114
72.529027
69.548799
47.621329
90.526462
99.997696
99.997696
99.998464
99.998464
99.767077
99.461867
98.199822
97.738395
97.16695
95.654761
94.688235
88.682676
84.097977
81.272411
84.097977
99.461867
99.942434
99.874592
99.950106
95.29912
82.283652
77.558022
75.337021
75.337021
75.337021
73.22259
71.161718
71.161718
69.165148
65.439569
65.439569
79.861511
99.942434
99.874592
99.950106
95.29912
82.283652
77.558022
75.337021
75.337021
75.337021
73.22259
71.161718
71.161718
69.165148
65.439569
65.439569
79.861511
96.711924
96.711924
94.572354
96.275019
95.404206
93.956821
93.702595
93.427279
93.427279
93.702595
91.418802
90.845095
90.845095
89.423876
89.423876
94.572354
100.0
100.0
99.063088
100.0
98.978374
98.098836
97.930251
97.930251
98.098836
97.335097
97.116582
97.335097
97.537791
96.562746
96.562746
98.252802
87.492693
94.62768
81.488319
72.594129
70.918899
67.5356
64.183662
64.183662
62.534699
59.156433
60.856073
59.156433
57.429476
55.683563
53.937029
67.5356
96.256159
94.364687
87.010648
85.54919
89.35392
86.29989
78.636716
76.972096
76.972096
71.171831
71.171831
73.231238
66.759808
64.471104
62.100163
83.731054
96.939083
96.838152
96.707614
96.645884
96.645884
96.197491
96.077889
94.523268
95.814891
93.538017
93.12726
92.679507
91.663675
91.069699
91.069699
99.76937
96.197491
93.245967
99.470984
99.470984
96.798198
90.467026
90.467026
92.378037
90.467026
89.363732
88.232584
80.259743
77.099024
77.099024
77.099024
94.724054
90.277193
87.628442
89.453868
89.860595
87.262536
85.752509
85.752509
83.902198
83.150233
82.242559
82.242559
81.248011
79.978487
79.978487
79.978487
86.285656
86.155736
84.843708
86.698598
86.155736
85.918564
83.803648
83.131929
81.855953
81.855953
80.440831
79.680188
78.831311
78.831311
77.823505
85.052157
73.470952
81.873379
81.873379
85.869587
85.182879
86.364917
86.623634
86.328627
86.328627
84.490684
80.678102
78.410848
75.214546
78.410848
65.075568
52.335469
86.642521
76.833184
78.149171
78.456524
79.307713
79.853661
80.592673
81.682645
81.452031
74.454212
81.194659
75.360191
69.14971
79.8479
79.381123
76.150319
80.087669
89.008964
90.429091
84.784975
80.974711
79.366351
74.60173
72.87228
72.87228
71.192892
71.598496
71.192892
69.905429
70.777605
70.355922
68.266871
77.914769
87.638315
83.724686
86.629211
86.629211
87.632039
87.569815
83.405123
78.147216
74.928262
74.928262
70.591731
70.591731
83.405123
82.059415
80.395335
84.315685
87.638315
84.08985
81.777758
82.574938
80.17602
77.541548
75.632673
75.632673
72.192407
70.34329
67.556374
63.907924
59.916148
53.367801
51.090408
78.476671
77.864482
80.853958
82.92124
84.851395
84.996465
81.115098
76.508001
84.296062
82.750103
80.535495
78.690389
77.984866
78.690389
77.262878
76.508001
81.671476
88.904015
88.627056
88.182221
88.956423
88.956423
79.021558
75.140878
81.890833
60.342923
65.29467
49.070428
44.654392
60.342923
55.95422
81.890833
44.654392
69.533093
69.533093
67.727612
68.276437
69.87592
70.684
70.250954
70.534819
70.250954
69.400353
68.950301
64.428746
68.488019
67.461521
63.217949
70.498401
92.183693
91.353127
89.451017
85.718671
89.043342
87.766471
87.330879
85.718671
85.104855
83.673288
81.803445
80.651422
79.280164
70.309956
59.095123
88.212098
46.950973
46.950973
49.516639
52.469319
52.841098
52.844217
52.841098
52.862236
52.848778
52.904253
52.818623
52.904253
52.739918
52.510276
52.510276
52.875543
95.934245
95.53664
95.934245
96.306948
95.723868
91.858139
96.080321
95.229578
93.706895
92.805204
88.613753
89.774285
90.843355
86.001772
82.26857
96.22262
84.325999
87.57958
85.86689
88.218854
87.57958
87.545013
84.764345
84.764345
86.649775
85.967024
84.764345
77.566043
65.767974
58.441257
58.441257
88.147188
83.99018
84.702615
84.930461
84.702615
83.59554
82.567194
71.717856
42.600823
42.600823
40.590399
38.310746
39.258611
37.422035
36.380471
37.422035
84.386065
70.091144
70.091144
71.404355
71.363676
73.78718
74.585324
74.076615
71.363676
71.363676
51.29868
45.424916
36.096957
30.728184
36.096957
34.064817
74.978113
43.394283
50.277618
51.259775
56.844945
53.833302
56.844945
56.793785
52.835355
55.086015
50.449563
51.279286
48.578548
38.941331
51.279286
47.388348
56.149946
89.829111
90.426025
91.323173
91.840744
91.950405
91.853149
91.2825
90.739935
90.453626
91.853149
90.17085
89.532961
89.532961
88.880999
89.208757
91.941582
87.590249
87.572375
87.395238
86.98223
87.395238
88.131288
87.975051
87.572375
86.653262
86.291241
85.530504
83.198795
82.550003
80.998114
79.854249
87.975051
44.145638
52.901733
54.523444
60.905051
62.060988
62.060988
61.948529
61.400694
56.218093
58.699049
56.218093
32.538584
41.861903
28.695497
28.695497
61.575391
86.054997
87.55685
90.264982
90.264982
90.710761
90.429148
89.985005
89.130633
89.130633
88.683319
88.683319
87.789149
87.789149
87.369585
85.974288
90.805262
68.08718
68.08718
68.08718
71.641833
72.456172
75.162591
76.429091
77.200042
77.33533
77.310879
77.122828
76.351955
77.122828
75.733382
75.083523
73.913209
88.841637
91.974268
91.453498
91.897565
87.651102
87.121779
86.569015
90.400467
89.555725
88.640768
88.154843
87.651102
87.651102
86.569015
86.032383
87.651102
84.378469
83.871367
84.137906
82.620351
80.950664
62.384862
58.910339
41.171742
41.171742
41.171742
32.697471
27.699488
25.839631
25.839631
21.211394
68.26446
83.553118
83.472423
82.792575
81.032867
83.521887
83.472423
79.845621
81.863283
81.032867
80.769088
80.178397
80.178397
78.238777
79.497007
76.813911
82.676104
15.266478
15.808183
17.389794
18.755957
20.545756
22.443748
23.970943
24.793275
24.643603
25.220308
25.352768
25.220308
25.616673
25.616673
25.924682
21.841503
80.13847
78.968247
78.968247
86.293265
84.053256
86.302977
85.886491
86.302977
86.645623
84.473688
82.610309
73.22753
63.613019
82.610309
40.489345
85.372524
19.16346
19.16346
19.492441
21.95396
23.969809
24.812589
25.952676
26.574282
26.574282
27.136655
27.37696
27.37696
27.616819
28.00908
28.175332
24.812589
59.547202
59.968859
59.879748
59.403814
55.61041
55.61041
52.761529
54.308447
52.761529
50.281563
51.725855
48.343742
45.985819
43.34774
33.602433
56.772461
50.439331
50.000748
49.938073
49.828975
49.828975
48.267315
47.961145
47.642734
46.975752
46.975752
46.261664
46.261664
45.853517
45.853517
44.891402
49.768507
46.817287
48.465379
48.465379
47.629933
49.083707
49.290634
49.290634
46.458193
45.654266
47.370276
47.370276
47.090339
47.090339
46.458193
42.109714
48.476238
92.98521
95.346745
95.692746
95.638935
94.600068
93.83885
95.271501
92.874266
92.312114
91.135542
90.512512
90.512512
89.888821
89.237715
87.809518
94.600068
89.196887
86.046671
86.967329
87.706249
87.345791
89.196887
88.893043
86.634541
84.822351
83.837114
82.770941
82.770941
81.523535
80.104093
78.461822
88.925573
71.094198
70.779774
71.547753
71.124171
71.124171
69.933572
65.650053
65.650053
65.650053
62.25086
64.200101
59.264812
54.3543
47.012947
24.422225
70.671852
71.081418
69.977673
69.032214
69.516743
68.640413
66.936071
66.409425
65.294965
63.680994
63.130992
63.680994
62.058617
62.595686
61.528652
61.038931
67.398122
54.316004
45.257255
50.520437
50.520437
58.019844
61.563969
61.158576
60.491943
59.695703
56.593653
54.15173
49.880368
43.80889
43.80889
37.390616
61.631279
62.831047
91.030468
91.144217
73.464133
91.030468
62.831047
46.955089
33.654035
39.116444
34.966899
33.654035
32.095222
34.966899
30.403054
30.403054
91.030468
85.077605
86.084211
74.896411
86.169638
86.140242
27.741786
25.305686
22.978238
22.586152
22.978238
22.586152
22.081773
30.322054
25.305686
21.471917
30.322054
97.252688
97.627933
96.454507
97.308619
96.907577
94.946663
93.083544
68.951782
68.951782
59.714997
53.261313
41.947128
39.987159
38.795182
38.795182
94.946663
97.854353
97.802604
98.056131
98.492637
97.854353
35.150927
70.196244
29.383475
48.674642
29.926113
29.383475
29.383475
32.505926
28.207053
27.299944
48.674642
86.543927
85.973334
83.565248
86.795196
86.081657
50.526211
50.526211
31.183273
34.147334
77.984477
31.183273
27.106143
25.793866
24.456093
31.183273
60.664472
62.219814
62.219814
69.576656
68.493161
70.860201
69.673962
70.154905
59.211247
59.211247
50.658398
43.12875
43.12875
32.542854
32.542854
35.047618
70.674603
52.848753
34.905986
52.848753
52.848753
52.848753
42.529294
25.168415
22.769297
18.773384
21.098232
18.773384
18.773384
17.933954
17.380259
16.293399
42.529294
80.18587
82.637983
81.027614
79.245298
77.382274
74.469254
73.400484
70.094634
58.366226
58.366226
42.030936
36.74902
30.991875
30.991875
29.193377
75.521265
81.706767
81.67975
82.752831
81.706767
74.432797
32.772991
44.953734
32.266928
31.730021
31.730021
31.730021
30.527348
31.978077
31.730021
31.42728
33.625192
29.103259
29.103259
32.546575
40.661334
37.874769
39.761371
42.332209
42.332209
43.073895
43.952647
42.634167
42.634167
40.126336
28.697103
21.361797
41.500206
92.971074
92.650025
93.68364
93.072225
92.157621
90.574179
48.350519
37.161385
70.904603
60.702899
48.350519
53.873184
40.146719
32.98966
35.354168
60.702899
76.483383
77.499751
79.881095
80.200146
80.150635
67.744599
60.522896
40.447441
40.447441
38.232445
40.447441
34.631196
32.296569
33.255714
30.955919
78.663234
59.579497
63.470605
64.336481
62.56205
65.958555
68.455498
68.55687
68.548179
68.408915
68.408915
68.178975
66.79299
66.79299
66.117936
65.340316
68.275008
90.955042
90.739909
92.306669
92.024687
91.740675
87.13392
87.13392
44.608873
44.608873
85.680111
37.625568
64.10145
49.111284
37.625568
44.608873
87.806643
76.451487
73.917647
74.731738
73.717333
73.459887
69.647505
72.574303
68.435083
70.190372
66.262277
66.262277
60.967298
69.057002
67.762117
67.071845
73.459887
87.8807
87.8807
85.33059
84.070441
82.624513
79.833871
78.643383
73.921382
62.813917
55.498224
46.878724
30.917076
21.725311
21.725311
21.725311
80.885252
86.440112
85.352349
86.675071
79.989139
85.902719
75.825354
83.594674
78.810637
78.810637
41.421572
73.796901
77.475845
71.061823
67.185475
60.998911
84.252958
77.102286
82.227035
79.621714
83.163775
82.747126
82.87247
82.833787
82.574564
81.092493
79.696369
80.391054
77.46632
76.639765
75.75798
74.806669
82.986473
85.298117
86.013397
85.696446
85.591611
80.236039
84.565412
83.973471
79.298094
82.529878
78.027701
73.20182
76.227724
68.641442
53.320357
43.284201
84.979205
83.35368
82.520563
85.052187
85.840583
87.160486
88.622229
88.71878
84.984726
63.229726
52.260981
45.585499
45.585499
41.79271
37.666857
37.666857
88.214026
86.80034
88.370592
89.954375
90.204511
89.146809
84.859633
86.704304
36.455719
36.455719
81.786849
80.207516
80.207516
70.945495
51.453179
51.453179
87.55655
82.132423
83.489219
84.972289
85.717153
85.948429
86.377296
86.342431
86.330021
86.171776
86.053428
85.707529
83.91593
84.552082
83.91593
78.868389
85.948429
22.112256
22.112256
23.964458
23.119284
25.744603
25.441781
25.95745
25.744603
25.95745
26.074884
26.0261
26.13543
26.13543
26.121696
26.039131
24.821535
90.454378
90.336425
89.136448
77.785586
85.124415
82.669974
79.755452
79.755452
68.5023
68.5023
52.691269
46.402459
41.99214
38.929996
36.541672
83.972169
55.798911
60.634576
63.76774
68.405606
69.838271
75.235238
75.235238
85.400984
86.190862
86.190862
88.349196
84.5719
90.070922
90.457391
89.556604
71.299631
86.448164
82.406501
77.744163
73.489332
70.171815
61.812283
53.291875
57.597254
51.174161
46.704173
44.417378
41.983138
39.617028
37.266356
34.903197
65.681867
86.108229
86.760428
87.217964
87.337797
87.187516
85.569253
86.134227
85.247476
84.517298
83.207364
84.517298
83.652115
82.693276
81.070063
81.070063
86.420973
56.803058
51.525444
55.175722
57.671573
51.525444
50.346812
50.346812
48.844731
47.510235
42.876553
41.999329
41.999329
40.557018
40.047406
38.565082
51.100022
37.087745
45.914543
47.526705
44.538078
40.635153
38.406965
37.087745
32.323821
32.601317
30.048855
29.867526
29.699182
29.518488
28.663865
39.133719
28.663865
86.999474
89.408141
89.770927
91.119741
91.779691
91.752678
91.13918
90.796692
89.89291
89.351878
87.928515
87.039993
86.247457
85.038764
83.776059
91.808537
91.784842
94.633958
95.780668
96.244226
96.54291
96.633163
96.451266
96.299111
95.81028
95.404908
95.031898
94.239421
93.403813
92.471726
92.524036
96.673795
50.520165
69.189073
86.26163
92.986887
96.201874
96.924071
96.84183
96.928712
96.912355
96.831385
96.77582
96.677632
96.549753
96.205663
95.977792
96.453601
82.50125
83.159979
83.104325
83.196596
83.13054
83.006933
82.789422
82.789422
82.591002
82.487966
82.487966
82.027162
81.863477
81.295116
81.062631
83.113856
76.86113
80.566251
84.209748
86.219505
88.113184
89.613079
89.683017
89.277088
88.424034
87.650549
86.45004
85.700919
83.35723
82.020002
80.686718
89.335967
72.843575
71.835339
70.69407
69.457074
68.364968
65.919253
64.766699
64.14523
64.145997
63.507054
62.222704
62.223025
60.810886
60.030363
59.260854
67.028299
77.374658
91.326715
90.830855
82.752711
84.163793
86.444749
87.565996
92.871347
89.176309
92.906184
92.956139
92.874243
91.50615
92.912939
91.823207
86.353121
76.998008
78.242558
80.417867
82.51397
82.778999
85.406899
86.597099
86.795712
86.907338
86.572726
86.64951
86.531399
84.577287
75.504225
82.782006
67.901068
84.787924
62.717695
66.012325
58.768113
57.229123
54.184871
51.78192
52.044352
49.335782
48.551861
46.489745
44.500038
43.422878
42.395562
40.554287
55.999795
87.406236
89.906292
90.263104
90.398514
90.474925
90.281375
90.030628
89.739407
88.935495
88.195093
87.896484
87.330526
86.565404
85.640239
84.924572
90.437571
31.511679
36.092069
39.771773
43.960325
64.475089
63.688233
62.9782
61.967237
63.94369
59.933373
62.466498
61.744026
58.522656
54.420165
53.695776
64.682961
75.403622
78.706371
81.414531
82.931888
83.35641
80.745387
77.937916
74.478862
70.024088
65.927947
61.824324
57.874338
53.655252
50.150138
82.654181
46.985443
78.754282
83.446793
85.228006
85.887496
87.185677
88.878921
91.397905
87.692819
91.043257
91.422163
91.263331
91.030491
90.784674
90.558026
90.367487
91.329937
87.807012
91.050392
92.474022
92.970171
93.56602
94.15204
94.073031
94.081141
93.737441
93.709964
93.061224
92.468605
92.097259
90.986109
89.364981
93.9315
82.281976
82.579914
82.802548
82.097447
81.552047
78.871493
77.323764
76.047036
74.915434
73.507991
71.434357
70.466951
69.480899
68.091187
67.548269
80.150466
88.179451
88.786421
89.29302
91.464715
91.572598
92.037081
92.025063
91.986249
91.592515
91.323168
91.181889
90.693679
89.720387
90.216267
89.267664
91.966539
88.363179
90.503422
91.030462
91.808232
92.45833
93.820679
94.136247
94.156211
93.948413
93.932783
92.898879
92.131591
90.904432
89.471419
93.299683
87.288591
63.635982
84.443855
85.132762
85.400153
84.838165
81.66096
80.954539
79.512734
78.630689
77.325507
75.220067
74.269124
73.588935
72.246804
71.698197
84.170569
91.014069
86.7014
79.799777
83.047422
71.352196
53.010742
42.691939
33.89761
28.451912
25.377486
23.991108
13.712376
12.827806
13.24795
12.827806
61.114648
89.330427
89.232673
88.844363
86.27847
84.67257
62.489383
58.032494
57.650564
25.955299
44.066885
29.776961
38.80745
29.820191
29.840822
24.689335
79.845277
69.268226
71.271248
72.398687
77.885256
79.398398
80.094207
82.268689
81.029885
82.72278
83.542536
83.460984
84.001299
84.654832
84.858278
85.491258
79.842745
82.62091
81.51996
80.425635
79.526735
79.845252
77.556288
77.27635
77.27635
76.476674
76.884054
76.123445
75.919334
75.834073
76.123445
75.334494
78.372673
73.322375
76.2042
79.452585
82.424847
83.179881
85.661458
86.63628
86.546098
87.52123
87.71236
87.718211
83.183787
87.353475
87.051595
80.181242
85.047517
82.456352
83.772475
86.765134
89.348611
87.735534
89.580773
89.927266
90.04142
89.685346
89.61157
89.289855
89.13177
86.576998
86.618659
86.73719
88.839365
87.478132
89.319965
90.272997
90.685183
90.837936
90.786116
89.804568
89.730755
89.578164
89.407933
89.202432
89.804568
89.407933
88.549176
88.405764
90.82613
83.69608
82.846348
78.843264
73.746562
52.328659
52.328659
46.396178
41.451411
37.729225
27.029575
27.029575
25.572134
24.96549
25.572134
24.475802
57.702836
86.751148
86.278009
85.201927
83.286553
81.322185
76.810957
74.599784
71.386334
69.69582
67.012943
64.385953
62.535337
60.7967
58.043253
56.236854
39.917859
78.864023
49.854155
59.366311
56.856957
58.682426
69.627973
72.048751
73.25321
73.644007
75.139573
79.714518
81.119767
82.250104
83.433816
84.156201
65.837894
91.830714
91.937588
91.836871
90.342187
88.999189
83.020258
79.512143
76.218119
73.293166
71.015952
68.26024
66.09648
64.228163
62.858541
60.604806
86.464438
57.722222
70.958286
78.541832
83.249893
85.010034
88.569033
89.209653
90.45914
90.73951
90.776417
91.435267
91.873273
92.253311
91.951026
92.699935
86.896376
80.027261
85.157046
86.509208
87.198395
86.440168
80.909226
64.053178
64.24653
61.056966
63.262819
58.37466
52.746984
49.668884
51.976014
49.680936
84.148362
49.108705
81.370932
81.232689
80.688762
81.488894
71.628147
66.715517
71.469103
62.553797
62.669003
53.39793
52.6537
52.82701
52.155052
49.417617
73.061345
67.524937
71.67298
72.791005
75.669739
79.711526
81.102892
82.430558
84.350599
85.101651
85.850465
86.323428
86.876203
87.085725
87.891489
87.54361
80.241331
64.377335
20.466168
24.961498
31.633795
51.854042
68.714429
65.104122
71.44428
73.640003
74.97137
76.938768
78.434611
78.607963
80.374034
82.800932
57.594
70.270306
82.983686
85.473161
87.105949
87.825964
89.207509
90.050017
90.413565
90.624983
90.743191
90.910422
89.897315
89.323702
88.221243
78.225628
88.172478
55.5423
62.357126
84.137481
87.099424
68.512183
72.479739
72.469013
89.943599
90.349301
75.425369
77.584715
78.030061
90.178638
81.697308
90.510632
70.139806
84.662347
85.326528
86.955392
88.278333
88.627658
86.48481
86.047099
84.333725
89.17079
88.901411
88.035038
87.993796
86.647939
84.972454
87.035149
84.231448
61.961223
64.155164
67.047464
67.538878
69.486871
71.581725
72.413935
72.843304
74.201016
74.326874
75.232893
76.693765
77.77038
79.417125
78.570782
94.709733
70.472481
94.843931
94.603107
92.873938
92.873938
81.642517
78.440448
75.877696
71.808808
68.771086
63.813214
60.587766
57.230385
51.794049
50.199267
84.313228
82.077878
73.217835
66.809229
61.565403
55.088826
45.900018
43.337865
40.04188
37.689524
36.185729
33.300083
34.710057
31.928184
30.619147
30.619147
49.515988
90.71315
90.513503
91.293299
91.417529
91.417529
91.119123
91.119123
91.119123
90.740775
90.62252
90.488582
89.503833
88.589824
88.079351
88.589824
91.400923
27.959194
28.586713
29.279279
29.92183
32.368046
30.867781
33.412865
34.71454
35.420118
36.935167
39.588303
41.123681
41.691315
44.909326
45.702196
31.142515
92.737761
93.528747
93.433492
93.352629
92.7924
89.501331
86.758511
82.632655
79.357029
76.179177
72.234122
65.045513
61.690378
58.618187
55.979529
91.752574
84.270637
86.248294
87.10708
87.711459
87.941913
87.228012
87.039222
86.692667
85.80804
85.104059
79.398066
83.402373
81.614892
67.056688
65.844555
87.750751
91.203463
93.935193
94.683625
94.769718
94.967858
94.711426
94.316373
93.700007
93.035905
93.69972
92.65375
89.703871
90.539774
88.948195
88.729622
94.956219
90.65989
90.684414
92.97336
93.117213
93.115031
87.864663
91.429317
87.398786
85.176202
76.148763
72.362936
70.987482
70.371508
67.704208
65.595112
54.256089
92.148417
52.27883
51.387819
51.150808
51.28378
51.203234
51.110113
51.138269
51.28813
51.212342
51.19841
51.246484
51.1396
51.156454
51.03497
51.173741
81.858555
83.848061
84.388684
84.644215
86.132271
87.060916
87.146264
87.105885
86.989566
86.925537
86.671116
86.50194
86.340789
86.055634
85.370878
86.946411
83.293055
83.319478
82.750033
81.225045
80.531062
80.234724
78.358561
77.717193
77.205225
75.922424
75.723355
74.714062
74.274209
73.485287
72.834265
79.775341
86.213855
86.742229
89.059713
91.269396
91.587078
93.556289
93.806432
94.020337
94.1369
94.186872
94.186406
94.124057
93.977395
94.064694
93.713342
93.127953
76.166241
76.266759
75.67358
74.964973
73.498946
70.163854
68.314976
66.640699
64.390239
63.598433
61.998699
60.073973
59.176915
57.375769
56.55848
71.808729
56.689781
69.882509
69.922415
68.829799
67.976222
66.109173
56.110489
86.138326
87.602614
59.1373
64.110545
88.250165
88.276377
64.739961
62.094011
57.895038
61.117248
66.764695
59.80645
59.108459
87.500834
88.175686
87.007183
86.226923
85.892006
85.175445
84.562211
83.914241
83.485623
83.050421
82.665351
88.012299
94.682827
94.88498
94.618901
94.163741
90.540623
89.179978
92.966852
84.625789
79.902968
82.811254
78.470489
75.732822
73.970626
70.861479
69.408916
92.285776
84.677922
85.536254
85.524471
85.256214
84.857385
83.00335
82.597879
80.066417
78.406567
78.24556
75.06708
73.334821
72.46425
71.0234
70.499179
83.772507
81.20531
78.821271
76.680344
75.37273
73.132951
71.042708
69.645328
66.662204
65.362134
63.72515
63.018446
60.600857
59.69726
59.025227
57.892252
70.892883
86.999457
87.878583
88.25841
88.180241
88.09372
86.83495
84.833489
85.815806
83.457061
80.949961
79.009434
79.927224
77.798448
74.233132
72.142451
87.525571
86.726315
89.038796
90.21521
90.590312
90.200051
87.663715
85.925862
82.560134
84.278144
80.497464
78.44974
76.443606
74.806151
62.729315
66.52856
89.235457
91.14209
90.960645
89.309392
88.529739
86.964737
84.472571
83.094076
80.556607
79.565094
77.171257
74.910108
72.61286
71.428542
69.507039
66.740688
85.25518
44.98524
54.134213
52.600551
42.349114
53.434548
59.282247
58.689318
60.778795
60.911301
62.197952
63.41517
58.23695
64.910955
66.264216
66.157923
56.664621
73.678807
82.297537
84.009451
84.75536
83.273949
85.394371
85.373311
85.200625
84.709608
84.039391
81.169611
83.319386
81.023511
78.643891
76.040213
84.744354
85.15066
85.143937
85.392355
84.927626
85.450944
84.037879
83.333435
82.443591
82.19018
81.181564
79.715826
80.648917
78.454937
76.320748
77.437556
84.419159
85.567579
87.304884
89.219347
88.865254
91.890389
92.104054
92.362257
90.960451
84.093026
80.417333
77.992169
77.214029
71.345212
71.919059
77.703859
93.033394
84.198367
84.871016
84.996714
85.135562
85.091671
84.288998
83.873292
84.572644
83.276164
82.918962
82.506808
81.763415
81.488057
80.876046
80.171
84.889003
78.400398
77.75299
77.211826
75.628148
73.716064
63.767678
69.249022
62.641414
62.584878
58.402215
58.101395
51.916717
53.837409
53.692845
54.044504
71.577445
70.766803
66.522262
68.635314
64.382278
63.258974
55.853578
52.898677
54.875763
51.339183
49.977409
47.441041
44.412466
45.773233
42.352307
45.614167
60.502757
70.067365
70.802957
67.56923
65.631288
64.280042
61.441713
60.027705
58.426833
58.571213
57.353089
56.341683
55.562295
54.3778
53.827735
54.876971
62.980003
87.181839
87.310944
87.397023
87.278059
88.017204
88.210837
87.704115
87.41129
87.080191
86.993186
86.371507
85.738682
84.702253
84.463903
84.264823
88.218673
88.818936
88.988676
89.143965
89.255672
89.282004
87.575174
87.058139
86.48374
86.001578
85.406046
84.808831
84.337995
84.228971
82.557606
82.355684
88.284557
62.057925
67.112765
70.34695
73.625882
76.484899
78.946557
80.93809
80.879075
83.261653
85.09524
81.948879
85.269654
84.765766
84.995598
85.109511
78.086936
57.603647
23.674025
38.379036
81.832252
80.834398
84.193673
84.227917
83.683049
83.741961
83.225975
82.657631
82.058546
81.389904
80.746973
83.691523
79.923501
71.886307
81.628172
84.603301
87.474371
87.481663
90.784034
91.580823
91.55909
92.373818
92.856279
92.49287
92.38589
90.814023
88.022972
86.979109
89.650749
85.599392
83.47743
81.681172
80.189937
76.395054
75.184218
72.339468
70.924123
70.240175
70.240175
68.663299
67.878617
67.878617
66.254805
62.657406
75.184218
23.329769
23.276096
20.350359
21.223835
20.074385
17.574173
16.259567
16.000193
16.153738
15.592657
15.508321
15.465242
15.270447
15.281787
15.234129
18.203851
68.831683
64.753872
60.299826
58.029738
48.112
39.221939
41.180319
43.33373
37.831268
37.091593
35.785441
34.403499
33.274908
33.127265
32.280206
45.062328
30.421355
28.675414
26.100206
24.047933
24.279587
23.325682
22.963603
22.676521
22.619666
22.44935
22.506341
22.314346
22.709516
22.350569
22.100229
23.836274
35.495174
34.028611
31.137339
30.90268
27.847979
27.28737
26.862954
26.584063
26.191211
26.057965
25.900034
25.759339
25.801686
25.648011
25.628621
27.700131
14.108864
13.856899
13.785999
13.731045
13.602816
13.556646
13.500833
13.48984
13.479711
13.455468
13.455253
13.432165
13.382282
13.359708
13.347939
13.572244
76.555723
78.387351
78.240808
74.456463
65.85808
50.888215
42.89106
37.316616
29.977718
28.668573
25.409044
23.803576
20.894828
20.114847
19.539514
61.06686
33.061935
31.400532
29.339546
26.077988
30.053476
25.78961
23.216815
23.444138
22.541026
23.005172
22.897116
22.452597
22.591853
22.4042
22.163668
26.211187
74.266246
70.248767
53.978719
48.68993
43.959818
36.22659
33.061716
32.32205
27.853079
27.914691
27.791771
27.581321
27.680089
27.528798
27.558147
38.926582
54.339687
52.562789
49.794592
35.875284
32.998027
26.728695
28.536629
26.469404
25.74253
25.928536
26.368418
24.587698
25.366949
23.314927
23.529429
29.742223
67.817829
70.495464
72.281756
72.381342
74.098798
78.320276
76.165778
73.245168
72.231038
80.724896
81.0137
69.707178
70.292229
81.52381
80.708447
75.658368
23.982849
32.775966
30.582194
24.562261
21.745778
22.455921
23.388869
22.73541
20.715754
20.642468
20.44297
20.609981
20.441676
20.482837
20.436812
83.749157
25.421217
83.768537
83.782428
83.360039
83.118091
81.290636
78.009399
79.469849
75.021057
72.089249
69.273043
61.793341
51.245791
61.59672
53.972855
82.201261
49.544463
78.814906
77.185248
59.634154
81.088168
81.297533
82.253232
84.134907
72.947439
73.273624
74.243038
84.560233
85.882056
85.599075
85.838457
64.198612
86.478679
83.751349
88.631451
89.389028
90.91864
92.639388
91.987363
93.174369
93.153035
93.11022
93.328979
92.741442
93.201289
92.698395
63.240962
92.360679
91.65114
60.326087
56.941729
55.487389
54.686221
49.650396
47.212083
44.479868
43.324329
40.590129
39.563424
37.967325
35.374784
36.830086
34.435524
52.161038
63.769367
67.774964
68.965269
70.496612
64.922674
72.241275
72.732721
73.137623
73.373207
73.706715
73.894629
74.075957
74.075957
74.32492
74.346105
71.36739
31.777533
35.527836
36.47856
38.483255
41.461477
44.981524
47.065015
47.741205
45.702182
48.674497
50.015791
50.48466
50.825487
51.367329
50.825487
43.231845
78.227719
78.629131
78.628173
77.104467
75.109505
71.809805
70.348205
68.81338
68.121357
66.564852
65.718279
64.907633
64.059616
61.602615
60.752087
72.482842
67.913816
72.165294
74.250488
75.313992
75.996576
76.623506
76.524299
76.163408
75.792414
75.152069
74.705103
73.430397
71.674751
71.072967
76.167459
70.06579
80.059903
80.323528
84.558977
85.325811
86.212373
87.819273
88.511096
89.02404
89.336257
89.540833
89.766128
89.825326
89.783199
89.752231
87.58792
89.263573
80.504763
84.232619
86.437514
86.909794
87.92473
89.148991
89.745369
90.460349
90.571771
90.75283
91.156123
91.503816
91.507031
91.630937
91.748124
88.680597
78.475251
81.214353
83.930646
86.231196
86.858592
88.48593
89.206729
89.662063
89.748086
90.194088
90.450509
90.739422
90.801847
90.954066
90.956561
88.195398
69.898383
70.79148
72.048818
72.981554
74.425956
73.751715
74.504847
74.926246
75.071728
75.161247
75.301062
75.380914
75.473725
75.508401
75.449861
74.019821
81.6201
78.688873
87.274258
85.16384
88.993187
88.127383
90.165552
89.969896
90.683524
90.873463
91.161884
91.450627
91.547847
91.690502
91.677291
88.710215
81.93556
84.024655
87.985909
89.639019
89.180275
91.095489
91.514977
91.265598
91.944831
92.151837
92.276846
92.518688
92.386807
92.604541
92.614303
90.206383
73.263727
76.870378
77.552965
78.806153
78.707854
78.92496
79.052603
79.11328
79.124323
79.151509
79.159158
79.160185
79.131171
79.102562
78.85924
78.808185
79.802534
75.656958
83.506711
84.617612
85.54814
86.906403
87.914887
87.415515
88.141497
88.465033
88.703007
88.851626
89.167607
89.330831
89.380718
86.472038
78.40637
80.171943
84.101609
84.61813
85.41931
87.130579
87.853882
88.304713
88.695736
89.175329
89.369219
90.010305
90.05181
90.486053
90.867084
86.866705
78.749352
83.654047
87.26068
86.572233
85.194032
87.907876
88.867382
88.513988
89.603916
89.645212
90.615861
90.926861
91.344905
91.594615
91.540683
87.616982
47.270964
49.364732
55.706401
78.427195
72.108571
83.102969
84.960024
85.746767
87.081662
88.21417
87.549314
87.549314
88.389374
88.379643
87.874039
80.992905
60.917745
66.253151
70.747444
76.111605
74.814365
79.958693
81.734573
82.010595
82.659426
83.746145
83.929386
84.491546
84.451118
85.484059
85.443023
78.538766
73.696491
78.300468
79.234423
80.116762
81.390559
82.512077
83.24761
81.390559
82.512077
85.132792
84.565404
85.132792
85.38318
85.616668
84.565404
82.512077
92.342579
92.219503
91.366392
89.567206
86.100722
79.759955
74.795143
70.441783
67.79587
61.772767
65.149164
59.234049
59.234049
56.791006
55.203902
82.781178
65.812173
64.642189
69.990923
69.79787
71.457443
75.90819
77.604868
76.923914
78.922203
79.708745
80.223043
80.31634
80.701216
80.9099
81.071365
75.00626
80.534161
83.093191
90.738906
85.250743
86.454388
89.07716
89.29503
90.355878
89.844135
90.682016
90.738906
90.851813
90.91368
90.943906
90.877382
88.212741
72.841097
52.726864
65.691643
64.169613
68.725476
83.114949
84.384318
84.89839
84.89839
85.62387
85.79171
85.798215
85.798215
85.678168
83.114949
85.333222
80.072818
52.842881
54.540837
57.346109
63.603668
63.48189
69.93787
71.677407
69.923813
74.057945
72.562267
87.738797
77.289658
78.432047
79.29772
64.55041
52.075205
56.443663
58.907194
60.495277
64.06392
70.01266
70.584308
72.31296
72.81394
74.876264
75.407758
76.784492
76.784492
78.460286
78.854163
42.111496
66.158382
57.41899
49.099354
62.169173
77.181115
64.696028
79.650314
80.665344
82.933654
85.019943
84.57042
87.117134
87.862182
88.599067
89.556058
73.483297
78.444065
79.148148
82.235942
83.486972
82.852024
85.522842
86.176833
86.774975
87.340403
87.644182
88.037583
88.371283
88.787393
89.089051
89.277944
83.493962
95.107767
96.036735
96.287896
97.018224
97.000305
97.344078
97.524812
97.762915
97.78921
97.913934
97.911703
97.99953
98.021343
98.044206
98.092576
97.446249
40.978128
44.980273
64.910117
79.831736
88.662375
91.598532
92.218444
94.079058
94.372118
94.448562
94.588253
94.710365
94.824214
94.814475
94.932108
90.999373
63.493537
84.131369
88.090078
87.723273
89.813894
92.500538
92.2839
92.701163
93.372587
93.668872
93.758394
94.045312
94.138211
94.125129
89.342873
94.109768
11.056111
9.610689
10.580927
17.846123
14.975854
17.404534
24.72249
33.788899
30.68511
30.116718
65.44669
72.202561
86.21326
82.796855
86.306986
25.589376
77.136561
79.297119
80.214552
81.09841
82.424009
83.405941
83.751879
84.077513
84.258071
84.593038
84.583389
84.708621
84.900614
84.870182
84.874267
83.223019
89.459922
87.942198
90.574103
92.07049
92.251842
92.74531
92.609578
92.846827
93.452118
93.043956
93.970313
93.717264
93.405422
94.085679
93.7359
92.576569
87.712085
89.932593
91.365598
91.958695
92.161355
91.839057
91.678996
90.839934
89.441415
90.460351
88.570932
87.202767
85.137979
83.839657
81.55246
92.169977
86.850061
88.613047
90.774583
91.47955
91.948377
92.080799
92.684267
92.718634
92.725588
92.628173
92.466368
92.338576
92.198721
91.667004
91.210576
92.383177
93.465581
93.007306
92.764009
80.841598
84.412134
75.545432
71.85274
70.180778
66.80389
65.20951
62.564094
60.556749
58.447826
56.276064
78.437881
55.205925
83.906568
88.025139
86.994774
87.851129
84.398888
86.978376
84.137454
82.902181
80.531304
79.648548
80.475802
76.615221
76.354343
72.140264
70.837661
85.781278
74.392047
77.927025
80.400767
83.047391
84.561347
86.490304
86.462442
83.476815
85.184675
81.031839
77.838973
74.101257
72.730411
71.309226
68.409491
86.05568
94.543737
94.275592
92.6513
85.852029
89.629664
80.20461
76.47923
73.322421
71.731807
71.731807
67.363024
65.464993
64.484215
62.475176
82.79294
61.448651
73.543787
76.099327
78.86248
81.696587
83.149977
85.047871
86.198423
86.593665
86.502465
85.908297
85.179498
84.063047
83.626659
81.960638
84.182452
77.619224
96.394901
97.166036
97.179186
94.619364
90.819597
88.074228
84.34344
81.1746
81.1746
79.144957
76.177664
74.513588
72.736047
71.775277
69.838236
89.045983
83.779063
86.181593
87.540885
88.651364
88.719823
88.531564
87.098354
85.747592
85.008356
83.230714
81.613328
79.747826
78.328353
74.955804
76.734364
88.874312
49.973403
55.811525
59.269639
62.999091
66.556625
71.683617
72.247324
73.324226
73.883727
74.99081
76.168425
76.750388
78.461877
79.066121
79.066121
70.026858
84.949538
85.138063
84.236897
84.467658
85.177292
85.079829
84.937712
84.55544
84.691687
82.946479
81.920818
82.298952
78.988327
77.712076
77.931456
84.996533
82.907765
86.376025
88.418951
89.887591
90.577822
90.966815
90.719016
90.422891
89.990137
89.455708
88.812929
88.158862
87.619321
86.796932
85.609162
90.419538
11.043498
11.134359
10.665489
12.472603
13.215135
13.975644
14.47984
15.120769
15.477116
15.961697
16.058534
15.960971
16.672964
16.843104
16.375312
13.711447
85.369212
84.155878
79.992511
80.319165
78.911826
76.032239
73.456849
69.210263
74.056612
72.469066
70.969672
69.951747
65.72841
67.830227
76.882406
63.011112
86.599159
89.142356
92.655892
92.245304
95.638777
98.214548
97.657773
98.791671
99.183728
98.179501
99.181371
99.271507
98.520186
97.945093
97.626096
95.452222
80.16136
85.265967
86.980189
86.142458
87.963736
88.598094
88.343679
88.400198
88.493788
85.431324
84.717017
83.186754
81.806664
81.67034
81.67166
88.20177
94.163585
94.046031
97.872292
99.0078
99.23805
99.067482
98.545781
98.758815
98.227653
97.558244
96.6884
97.028733
96.899824
96.356684
95.544419
99.227663
90.483756
92.682036
95.956871
96.386259
98.759897
98.851812
98.153461
99.022695
98.520651
99.033619
98.440546
97.397326
96.836788
98.228371
97.729031
97.24689
92.53079
93.095177
93.034991
96.905834
98.240091
98.733889
98.828199
98.307117
98.241248
97.054375
96.767069
96.766288
95.614398
95.198036
98.523724
94.623179
90.937847
92.096493
90.559177
86.055742
85.422216
84.410664
84.011024
83.011893
83.281261
82.652297
81.821974
81.056802
81.44587
81.768089
79.884527
84.711672
98.853009
97.215697
97.813343
94.796158
94.284595
91.668353
89.98367
91.08905
88.898894
89.516359
88.08689
88.170603
87.104701
86.37535
86.850994
93.753405
98.82069
99.169548
99.971107
98.794989
96.005339
94.015515
93.247072
92.855396
91.666192
92.088968
92.066636
90.948685
91.236011
91.195831
90.894248
94.015515
91.071127
89.884864
94.688612
96.187374
96.143377
97.30107
98.837155
99.996983
99.562733
99.596297
98.434574
98.355142
98.433182
97.712059
98.048769
96.8888
90.055603
94.159611
97.234783
96.800526
97.99805
99.047099
99.323633
98.269608
98.977425
98.603366
97.836036
98.219044
96.953177
95.881391
96.58118
99.695712
89.747156
86.26427
91.895415
94.885923
93.141358
95.464087
96.796282
97.71079
98.245586
97.670681
97.197176
96.606959
97.151171
96.458108
95.935944
96.635306
97.218561
91.698594
96.402073
91.227468
89.272336
87.14013
87.959409
87.12878
86.333858
85.440079
85.972474
85.171485
84.643025
83.899513
83.899513
89.585868
87.507099
89.063954
93.251728
95.49925
96.398804
97.297214
98.999796
99.290886
99.298724
98.970493
99.218666
98.563495
97.711888
97.801228
96.890369
97.720715
99.968799
99.893339
30.132855
20.654229
12.435974
10.65548
10.347612
9.771659
9.499595
9.499595
8.763676
8.763676
8.546887
7.958049
7.782097
12.862558
13.2124
8.411498
8.411498
8.17788
6.32027
5.392262
5.062108
5.062108
4.765656
5.167683
4.415954
4.260523
4.336694
4.187401
4.117333
13.531117
5.892701
18.55936
9.53441
8.885645
7.515559
5.532716
5.693377
4.408201
6.03903
5.379273
4.408201
4.068602
3.995814
3.928484
3.806342
6.415969
93.237013
69.897963
61.468971
53.657462
36.987575
23.342144
22.196051
22.760134
20.089586
19.608702
18.670565
18.220092
17.781075
16.939472
16.939472
31.742787
99.981934
99.957856
97.783346
76.103879
70.770685
56.421347
56.421347
36.675824
30.862514
23.046346
18.673028
17.700885
16.772913
15.892498
16.772913
63.366076
67.89877
58.680187
50.140019
42.786858
33.667437
25.22873
22.319395
20.679207
19.6321
19.119006
18.128054
17.65006
17.180918
16.724559
16.724559
28.997271
99.94965
17.347593
10.014361
7.37662
6.107372
5.047955
4.779784
4.337093
4.436691
3.926534
3.860309
3.926534
3.686546
3.740481
3.740481
5.524962
99.977008
99.89935
65.122416
65.122416
59.518386
46.73542
42.353825
40.84194
36.916397
32.762147
31.901815
31.012875
27.410797
26.480683
25.54956
54.706067
99.977008
99.89935
65.122416
65.122416
59.518386
46.73542
42.353825
40.84194
36.916397
32.762147
31.012875
31.901815
27.410797
25.54956
26.480683
54.706067
88.349435
83.264793
83.264793
46.759471
37.729784
12.081064
8.729302
6.388033
5.918877
5.709359
5.514134
5.163057
4.860258
4.599041
5.005486
13.66931
99.998905
99.982481
93.640978
92.848791
86.03044
67.790898
44.983928
23.0135
17.261903
16.089254
9.368681
8.261819
7.3213
7.3213
6.521178
77.77792
76.617917
73.557867
64.519183
51.719421
46.408941
36.324724
32.924455
32.322396
29.185038
27.407671
26.560209
26.13231
25.707227
25.272335
24.832853
56.627257
42.039888
46.670091
40.794591
23.504852
19.93007
10.634291
8.790745
6.531264
6.052383
5.43847
4.931424
5.08974
4.516864
4.64613
4.64613
15.073142
92.967899
91.393055
89.024295
88.663838
87.082239
72.095787
66.772697
64.321488
60.129393
56.793494
35.913279
29.354477
29.354477
16.77031
18.701461
86.64225
64.388386
58.450873
50.389312
27.667765
26.249612
5.8773
5.662318
5.278034
5.107798
4.540032
4.422899
3.956029
3.883214
3.815718
3.753264
99.994088
9.258787
99.994214
99.977112
99.898092
99.847404
99.957126
99.750187
99.451084
41.882386
39.965374
35.83901
32.264998
31.615668
30.398748
29.286153
99.904118
94.546774
92.315035
75.972077
28.829143
41.873187
22.649124
21.421296
20.661012
19.941996
19.265545
19.265545
18.322708
17.45962
18.024347
16.441234
25.453884
93.911731
92.700395
90.059439
86.97316
29.675443
80.005515
26.14563
22.557182
21.507534
20.534524
19.637555
18.817013
18.817013
18.437624
16.519495
31.259206
99.978998
99.964038
99.947324
97.832202
98.52633
87.70022
64.419901
86.152802
61.948922
57.87936
55.490519
53.93956
51.661137
50.156747
48.679658
96.797665
99.996604
99.995849
99.983651
99.970323
99.830352
99.435287
98.403645
97.673784
96.31253
94.962714
90.256873
88.663335
86.113608
83.877141
82.180761
99.542608
99.977741
99.496016
99.31951
96.884723
86.850023
71.344177
68.803333
70.727617
63.26598
60.292587
57.996023
52.477583
55.653125
54.078105
50.062783
75.383314
99.990567
99.977364
99.947449
99.891314
99.763706
52.3669
26.022045
23.069048
20.682825
18.783593
17.984608
17.61906
16.953589
16.647364
16.089962
98.495447
99.996101
99.992579
99.990315
99.982896
99.97837
99.973341
99.955115
84.021281
82.571003
81.144838
80.216128
79.262574
77.788704
77.278683
75.655918
99.976484
99.992579
99.996101
99.990315
99.982896
99.97837
99.973341
99.955115
84.021281
82.571003
81.144838
80.216128
79.262574
77.788704
77.278683
75.655918
99.976484
98.400478
98.139802
97.955397
97.608787
97.26129
96.025655
95.379012
93.772934
92.232675
81.522271
63.399023
56.355666
54.095215
23.77694
22.360547
96.638113
100.0
99.998239
99.982267
99.971581
99.950968
99.90349
98.763417
98.412903
98.06003
97.389133
96.041084
95.248855
93.076016
90.783438
87.761212
99.927098
98.362858
97.076967
97.96119
96.625663
93.926487
87.499257
89.20704
87.067077
80.744469
83.83831
82.345983
75.29835
80.186111
73.96244
76.588329
92.943046
95.87696
93.220734
94.323881
90.042609
82.298502
75.923683
65.365935
70.417328
63.205471
52.245179
57.386198
49.537621
24.723872
22.5449
20.6698
80.80676
98.912469
98.847165
98.807238
98.735328
97.777455
98.608575
97.552015
97.289141
97.090601
96.638583
96.372424
96.078922
95.761473
95.240754
90.367674
98.080233
96.572609
94.464651
93.335431
88.250848
85.386001
77.839734
73.190146
61.165835
69.063694
54.164319
24.325671
21.414713
19.160954
18.238479
17.820939
84.010715
99.994363
99.984536
99.957954
99.957954
99.875698
99.622997
97.082635
43.516161
37.958219
30.212824
32.981213
28.337143
28.337143
26.6874
27.212726
99.863011
94.046237
68.319501
62.947936
37.46436
25.328002
19.37521
18.662133
18.318606
17.663212
17.048757
16.471736
15.666709
14.497195
15.666709
14.497195
22.267592
93.061979
91.691264
89.266903
52.946471
34.476716
23.461668
22.28048
19.638315
18.707081
17.444787
18.268544
15.702839
17.061169
15.404975
14.855348
26.772025
99.975722
99.958387
98.783424
98.158445
97.62777
68.755417
63.61142
61.048888
57.638924
54.31365
51.886125
49.542073
47.273754
45.792677
45.061573
89.128435
99.996242
99.99075
99.981501
99.966187
99.795449
99.347455
97.947481
96.361608
95.048142
90.423646
87.714498
86.429942
70.684772
60.443599
63.554793
99.494192
99.371429
99.974421
97.620607
91.13827
76.185473
65.174948
68.537852
62.327335
58.580366
56.271748
53.923656
51.525186
49.926461
47.509711
46.703635
76.711949
99.989738
99.97471
99.941347
99.87613
99.727546
26.497266
21.754427
18.807371
17.84175
16.225953
14.950652
15.547733
14.6763
14.418392
14.418392
96.442612
99.994363
99.99205
99.990172
99.980923
99.980201
99.972254
99.944957
81.541472
79.966294
78.423873
77.91898
76.36755
75.293777
74.172005
73.599123
99.975577
99.994363
99.99205
99.990172
99.980923
99.980201
99.972254
99.944957
81.541472
79.966294
78.423873
77.91898
76.36755
75.293777
74.172005
73.599123
98.165688
99.975577
97.867254
97.704018
97.261162
97.03933
95.659015
94.721233
77.261107
72.688931
65.122124
57.647714
21.964752
44.053863
21.246434
18.264579
96.291193
100.0
99.997832
99.973554
99.957232
98.474218
99.924314
98.085937
97.542976
96.982331
96.218605
91.721534
93.108697
90.076209
86.952467
82.953045
99.89661
97.933339
97.543114
96.997288
96.141317
93.083266
90.290053
91.001481
82.382376
89.50887
80.232461
84.420326
82.90056
76.00443
77.269219
72.620182
94.423751
95.289295
93.531662
92.284851
83.898086
77.714682
74.200565
62.148163
69.438355
59.912029
28.299967
23.729873
22.197551
20.16706
19.557055
17.912226
78.55335
98.822652
98.761424
98.661985
98.523303
98.371299
98.003816
97.72403
97.654919
97.081817
97.354919
96.762986
94.092029
91.19702
93.09028
89.971362
98.18603
93.392643
94.56043
91.343804
88.335544
85.537405
71.662561
67.471677
61.151148
54.21197
22.554108
17.971419
16.573137
15.786155
14.792243
14.242138
79.444605
99.993847
99.993585
99.973954
99.953676
99.942951
99.846666
99.173451
41.051085
36.56324
35.012535
30.191233
31.455532
29.040894
29.605719
28.50332
99.846666
94.571064
92.012687
64.909238
40.753342
21.884037
27.915065
20.688865
19.597547
18.596824
19.253415
18.283279
16.587611
17.683068
16.587611
15.860643
24.615964
93.678437
92.422064
89.687126
87.242723
47.819666
26.640113
25.320566
21.806914
20.780583
20.297739
18.958144
18.159375
18.159375
17.78991
15.672978
30.347327
99.977879
99.962178
98.940292
98.470265
87.74624
97.841985
66.707422
63.383571
60.048915
56.7779
54.37445
52.817904
50.532366
49.032949
47.559078
96.529691
99.996465
99.99568
99.970159
99.836878
99.983245
99.424662
97.628262
83.408936
99.347072
96.231008
88.333274
99.976832
85.710535
98.375402
89.458033
99.533881
80.723807
94.563804
95.831979
99.291411
70.545859
87.21264
67.965002
69.279078
62.356186
58.585119
57.039676
54.680052
53.095839
50.684061
49.069993
78.355791
99.990836
99.977487
99.75708
99.947267
99.888711
51.303572
25.20576
22.315002
17.737522
19.987199
17.359861
16.358002
16.358002
15.781582
15.781582
98.437144
99.994502
99.992407
99.991884
99.981544
99.978403
99.973299
99.959039
82.98466
81.505336
80.052822
79.576522
77.092266
78.110198
76.026823
75.479962
99.97644
99.994502
99.992407
99.991884
99.981544
99.978403
99.973299
99.959039
82.98466
81.505336
80.052822
79.576522
78.110198
77.092266
76.026823
75.479962
99.97644
98.336013
98.06445
97.873202
97.509488
97.303288
95.842321
95.164196
93.022327
76.737387
67.259165
59.990811
57.626958
48.582947
22.970306
22.258525
96.485672
100.0
99.998298
99.969767
99.981282
99.944259
99.889625
98.595465
98.210587
97.803899
96.781036
95.433981
93.98285
91.992629
89.378268
85.971488
98.338925
99.916935
97.045405
97.879598
96.492498
93.693835
91.1242
91.780066
90.403002
83.773024
87.054002
85.216163
83.773024
78.9625
77.764825
79.542711
95.598693
94.922348
93.904743
89.677228
92.686177
81.705514
76.052257
64.447279
69.574786
62.260732
56.385631
52.547742
24.716448
23.930868
21.796397
20.545435
98.867806
80.176345
98.773453
98.786227
98.660288
98.54789
97.681075
97.447288
97.173928
96.855528
96.495302
96.220219
95.917301
95.588285
91.28625
89.545184
97.997516
96.215007
95.049446
93.08082
88.354936
84.879708
77.138667
72.385216
68.190291
60.181579
53.131073
19.522987
23.540587
18.499029
17.60215
83.466083
16.818216
99.991683
99.984845
99.94587
99.922795
99.868196
38.218786
28.413552
27.033788
23.407859
22.877366
22.369654
21.885139
21.428642
20.992006
20.992006
99.523353
70.794577
35.860645
57.421703
25.388418
18.069925
14.37588
15.256803
14.102125
13.835774
13.328905
12.851884
12.626758
11.603184
11.420409
11.243589
16.226904
90.352459
67.316273
35.886122
61.902909
24.280197
17.20534
17.20534
15.055961
14.673731
13.961905
13.629265
11.95465
11.95465
13.312879
10.9331
19.777822
99.96988
94.247731
99.942362
62.258818
40.974981
63.175755
98.100008
48.000603
43.206562
53.134297
70.392587
45.561294
42.450127
38.133872
38.83124
65.002001
99.994085
99.987432
99.974129
99.591508
99.497362
97.906849
95.646563
80.226057
73.944611
68.893949
63.176714
60.120709
55.308456
50.320995
46.961713
99.115651
99.96637
74.06295
99.307415
78.491165
69.253861
61.905389
58.199238
54.353631
51.992043
48.785454
46.377883
43.980466
42.392846
40.798661
66.036893
39.229902
99.985399
99.877783
99.967109
99.714862
31.299495
17.788438
13.249792
15.184225
12.627554
11.825597
11.590615
11.160376
11.368119
10.613693
24.729359
10.455203
99.99427
99.988171
99.977454
99.977824
99.969325
82.885911
80.162578
78.88085
73.902994
74.513218
72.744215
70.962377
69.757228
56.449334
59.321257
99.99427
99.966739
99.988171
99.977454
99.977824
99.969325
82.885911
80.162578
78.88085
74.513218
73.902994
72.744215
70.962377
56.449334
69.757228
59.321257
99.966739
97.57258
97.274156
97.12833
96.562815
91.37353
85.378317
78.757863
69.3677
41.393679
58.493036
19.515889
15.210771
14.741817
13.892008
13.149521
89.4083
100.0
99.997782
99.965631
99.945316
99.899546
97.646547
97.01268
96.087911
95.120193
82.079081
73.007108
68.690396
61.691071
64.100504
32.588101
98.203647
97.953648
96.451258
95.355584
92.739706
94.440555
77.378615
88.461677
82.760509
76.104932
72.028769
76.756576
54.188181
55.33329
53.087267
52.552191
90.388992
94.012543
92.568644
89.636284
78.913067
79.749106
37.919614
32.695576
25.702474
19.555308
22.797168
16.952473
15.851326
14.413514
13.988613
12.846455
74.408171
98.454029
98.379908
98.253586
98.089336
95.281354
93.68239
97.445338
92.911241
85.958657
89.988007
94.334832
97.445338
92.050453
88.20725
84.652891
87.847453
91.417535
85.07649
97.609021
79.23901
39.997812
26.388409
22.02193
15.006088
17.928403
13.679373
12.005192
12.606277
11.735663
11.038261
50.657378
99.991453
99.984427
99.944756
99.924079
99.742148
37.38851
27.69905
26.339101
23.323376
22.256748
21.757694
21.283351
20.836199
20.408597
20.408597
70.260697
99.519851
56.679331
24.744767
30.098454
16.847496
14.866718
14.00941
13.742791
94.558084
13.483416
12.525073
12.989542
12.305799
11.308944
11.13112
10.959234
15.810781
90.091912
66.577637
61.105101
35.117296
22.296044
16.769515
16.769515
14.303588
14.675435
13.610788
13.287482
12.979208
11.656588
11.656588
11.221262
19.27981
99.969618
99.94153
96.050428
94.213968
70.983417
61.857601
56.288277
52.66321
47.496617
45.848556
43.457431
40.442014
39.004495
37.596023
36.906526
65.546302
99.988225
99.994492
99.974743
99.959937
99.596101
97.171936
98.427661
84.970101
79.045856
74.78334
69.808381
64.197594
59.611439
56.395847
53.10626
99.633987
99.284122
79.023194
99.965252
73.455372
68.604766
61.193884
58.229604
53.593846
50.416143
48.011549
45.607977
43.215782
41.632787
36.202662
38.490958
66.029278
99.984807
99.96658
99.87555
99.707957
29.474169
16.780302
14.803078
12.602132
12.602132
11.525603
11.296421
11.079107
11.079107
10.34402
10.189362
24.188223
99.993542
99.987275
99.973225
99.971516
99.968858
82.491308
79.720949
78.418761
73.985663
73.367235
71.595046
69.78941
62.857607
56.763972
58.658261
99.962405
99.993542
99.987275
99.973225
99.971516
99.968858
82.491308
73.985663
78.418761
79.720949
73.367235
71.595046
69.78941
62.857607
56.763972
58.658261
99.962405
97.50777
97.249299
97.05281
96.473205
91.209633
85.148483
80.358089
60.54043
66.123739
40.625234
19.009424
14.804635
14.34899
13.523031
12.801187
88.393061
99.99981
99.99905
99.980249
99.964682
99.930148
99.86494
97.755999
91.13921
97.033491
88.324251
81.701183
70.292687
65.754571
60.98922
31.959356
99.90341
97.898335
96.445281
95.233633
94.795675
94.29598
88.59924
76.882479
82.953254
75.588093
70.720053
56.466558
53.475335
55.227129
52.370938
51.83386
90.481797
93.860392
91.92519
88.983955
78.470424
78.470424
43.774654
33.388933
24.246072
22.379858
19.176408
16.606607
15.519401
14.100457
13.681331
12.556598
43.774654
98.336104
98.411654
98.20788
98.04072
97.838296
97.304301
94.951601
94.367477
93.481399
92.690562
91.807687
88.833656
87.349864
84.918157
83.48165
97.603218
94.417065
90.782928
87.556442
84.726554
80.468878
34.258677
27.021262
20.578652
17.481523
14.625667
13.330156
12.2831
11.697258
10.756519
11.435009
48.101037
99.982067
99.91995
99.908013
31.720978
22.600664
13.445308
15.086711
13.82959
12.379238
12.051842
11.445495
11.445495
10.903484
11.165688
10.197055
14.230461
20.884867
12.906027
11.17149
10.577533
8.248829
7.376421
6.782344
6.646156
6.646156
6.264624
6.264624
5.71329
5.71329
5.429276
5.429276
7.70727
24.246747
48.494665
14.144092
11.443835
9.428315
7.863555
7.639001
7.219916
7.219916
6.664234
5.914009
5.787576
5.668432
5.260656
5.015361
8.340933
95.396198
74.562389
65.853338
59.540981
52.078321
35.74174
32.567431
27.009
25.192287
24.623762
23.513138
22.985835
21.952957
21.453552
43.933976
21.453552
99.984059
99.962149
98.623008
94.633731
79.486253
66.360203
60.876317
54.94234
48.725314
31.612663
40.776418
30.168814
21.373648
20.314813
18.349609
73.506387
73.822162
65.518169
61.033145
50.711377
43.348647
33.097287
29.646523
28.312077
27.021886
25.138396
22.745606
22.174731
21.065252
20.535159
20.012076
37.418922
99.961751
99.896875
20.762055
11.81898
8.266092
6.81459
6.278296
6.121885
5.83736
5.707634
5.089308
5.268034
5.089308
4.933706
4.798453
7.235976
99.982067
99.938657
99.932686
72.338818
66.155128
58.327444
50.932403
47.860607
45.444369
42.050536
41.160065
36.466966
35.476509
33.464939
32.430406
62.494271
99.982067
99.938657
99.932686
72.338818
66.155128
58.327444
47.860607
50.932403
45.444369
42.050536
41.160065
36.466966
33.464939
35.476509
32.430406
62.494271
90.44119
88.526476
88.01653
82.996847
76.543971
16.357767
13.093451
8.998808
8.000099
7.447452
6.969472
6.75406
6.75406
6.369334
6.035823
41.687284
99.999601
99.985653
99.909207
95.565163
91.430945
79.401479
73.939208
69.639219
41.943471
26.691291
17.839775
13.748531
11.392608
10.099639
8.995234
87.407851
89.669616
92.82086
65.546754
53.507988
58.747003
45.593433
43.931899
38.19624
36.449695
35.905935
34.870472
31.9782
31.496186
31.01349
31.01349
49.077302
68.056595
53.759999
36.463416
37.560426
27.929583
12.965084
16.478603
9.149817
7.860316
7.083561
7.326621
6.641965
6.441975
6.076886
6.076886
21.832035
96.698875
93.224042
94.216167
91.554394
92.341213
89.602366
85.769471
77.436041
69.293974
66.63161
61.702593
59.731639
35.366789
31.978281
91.252369
25.898288
74.428346
66.216762
44.993768
36.788978
28.90624
9.830506
7.968053
7.39865
6.488198
5.962003
5.672236
5.672236
5.313142
5.210885
4.947952
16.551602
99.982968
99.978427
99.920851
99.742588
36.975233
23.944847
20.026575
18.481612
18.481612
20.592226
17.093227
18.002906
16.259902
15.871368
15.160647
32.441598
60.003543
23.584105
18.382475
15.146278
11.866311
10.631612
9.989495
9.789095
9.59499
9.227728
8.721272
8.721272
8.121944
7.855211
7.729669
11.101008
63.638055
54.053614
25.071019
22.386057
13.608379
11.412517
12.08701
10.218213
10.218213
9.696359
8.418058
8.418058
7.777209
7.777209
8.078521
13.608379
99.942116
95.596641
93.289014
69.27095
62.352758
50.390567
43.861242
43.861242
37.200602
34.242055
32.841886
30.233544
28.997818
29.609336
31.520101
56.296611
99.992903
99.983252
99.967361
99.246819
98.264986
77.222022
71.695048
66.59205
59.350888
54.663658
51.440898
44.88923
38.433051
33.823107
30.929713
91.134478
98.130839
76.707072
70.864912
65.524798
59.274679
50.441948
46.583557
38.103058
35.109254
32.212107
31.499439
29.428347
28.756431
26.809591
26.177252
54.944801
99.973319
99.932758
99.822586
16.447674
31.830213
9.980378
8.95589
8.532167
8.532167
7.99156
7.683173
7.832442
7.414415
7.180392
14.017536
7.180392
99.988077
99.981549
99.961403
99.951191
87.7274
77.383026
63.552741
59.353989
56.347136
53.875769
51.276743
49.441814
47.494492
44.380464
43.299187
81.899903
99.988077
99.981549
99.961403
99.951191
77.383026
87.7274
63.552741
59.353989
56.347136
53.875769
51.276743
49.441814
47.494492
44.380464
81.899903
43.299187
96.645603
92.687317
91.777777
89.009459
85.992749
75.771598
57.110475
15.783398
13.832416
11.801816
10.274057
9.954141
9.652909
9.113608
9.954141
81.232198
100.0
99.995742
99.959701
99.924536
97.686402
90.19885
84.966951
80.638012
75.266097
68.920162
56.778955
32.951388
22.860292
20.243726
17.953052
92.922796
96.378507
92.691707
93.634476
90.283702
90.901865
55.715373
51.608829
49.353277
46.643271
44.845108
43.189602
42.137766
41.609509
39.480531
38.923515
59.166546
91.36876
89.049065
55.919793
45.458441
39.599844
25.582451
21.460803
15.780789
13.417092
11.552758
10.77144
10.080103
9.186975
8.926635
8.926635
32.488159
97.675837
97.484169
97.484169
94.40241
94.91066
93.369633
92.084183
91.162076
82.709179
88.981126
85.745516
81.226204
71.851247
66.54814
61.751732
94.217312
75.030089
92.968907
59.215585
45.989549
37.319757
21.311862
15.032102
11.662918
10.108996
8.705416
8.480834
8.27239
8.078951
7.899012
7.306972
35.638493
99.981956
99.925178
34.903173
99.912526
18.786335
16.000762
17.010028
17.010028
13.88154
13.506987
12.799779
13.144852
12.472437
11.868762
10.838263
20.210406
22.363994
13.833449
11.961865
11.326098
8.821901
7.718208
7.247402
7.398758
7.247402
6.694718
6.567729
6.567729
5.998407
5.800493
5.707383
8.239675
52.447969
25.686417
15.097479
12.247246
10.104595
8.434737
7.96552
7.537651
7.537651
7.149585
6.342875
6.342875
6.079454
5.638979
5.37688
8.945235
95.74655
93.277696
68.404118
62.213357
53.712313
38.082467
33.954653
30.258266
26.382722
25.800271
24.657438
24.107188
23.042259
22.530642
22.530642
47.506918
99.989633
99.970441
98.070391
99.936681
88.20509
67.592042
60.841571
56.382677
51.730049
38.982411
34.366303
31.424645
24.731786
21.289683
20.256026
73.558264
75.096747
66.218467
58.936472
52.361602
45.76917
35.385203
31.819781
29.767549
26.48468
25.227161
22.844055
25.227161
22.277236
21.724463
21.177772
39.058183
99.960848
99.903711
31.07472
15.758215
8.838501
7.090948
6.901391
6.397333
6.249708
6.112128
5.451633
5.642311
5.451633
5.285115
5.140204
7.990442
99.986562
99.978501
99.953175
90.012685
68.68031
60.033426
54.864956
49.613263
47.194571
43.758181
42.864503
39.083448
37.087008
36.064134
33.97729
64.116819
99.986562
99.978501
99.953175
90.012685
68.68031
60.033426
54.864956
49.613263
47.194571
43.758181
42.864503
39.083448
37.087008
36.064134
33.97729
91.547672
64.116819
89.20364
88.730115
79.432308
84.928433
38.183532
9.661817
14.768812
9.276752
7.996497
7.48195
7.48195
7.24925
7.033296
6.833729
58.825709
100.0
99.99424
99.906777
95.442318
90.95297
80.1296
72.824129
68.53427
43.452188
26.213004
18.879053
14.610077
12.141933
10.783649
9.617408
85.633864
90.07838
90.63295
67.097974
60.43676
62.123569
47.342482
42.577173
39.872675
37.02021
38.10615
36.493705
34.513551
33.050365
33.541382
32.546078
50.843712
62.699108
48.387768
44.876437
38.116022
29.404585
17.591255
14.556237
9.842674
8.772044
8.159494
7.619629
7.14234
6.723715
6.532884
6.723715
23.138297
96.932228
93.97886
94.585063
92.327273
92.570133
90.922168
87.526804
84.573192
76.142999
68.403938
66.962194
63.62417
59.565465
33.814979
92.065501
30.530988
75.82177
67.864002
61.845764
46.974258
29.044145
11.022967
8.880255
7.931845
7.173365
6.392977
6.231499
5.942679
5.814336
5.586512
5.305449
24.7433
75.127336
79.09742
79.519689
84.272614
86.652955
93.505097
91.056964
92.653498
94.643814
95.719606
89.805535
96.983253
99.674532
90.372383
97.728084
88.071956
96.197927
98.501578
99.622781
98.194267
96.02338
94.198035
90.874386
89.691911
88.46371
84.039338
86.52888
81.643303
83.228814
80.864421
75.994918
94.645167
92.160116
93.413407
98.180039
96.498156
99.869034
96.447507
94.937438
94.182996
92.372971
92.379805
90.562187
88.919521
87.821076
87.198595
86.623491
98.463462
84.369424
86.775178
88.290586
90.298654
89.712244
93.328186
93.718404
96.1657
97.28643
98.340009
98.986903
98.312571
96.161065
94.748262
94.606528
91.416191
85.384792
88.54224
90.946232
92.745903
95.166563
97.105634
98.278408
98.531848
97.528296
96.683853
95.860124
96.017454
93.930737
92.48173
92.022821
96.595671
84.874652
91.125819
92.313497
95.802463
96.360637
96.217727
94.925391
85.538543
84.01535
84.006163
92.053599
91.211463
91.171673
84.892809
87.130231
96.347032
96.424333
97.513087
99.152082
97.999332
96.252664
94.925942
93.560155
91.457247
89.8035
87.883113
86.234518
86.074226
82.748414
95.362625
84.276472
78.594002
85.909168
88.775868
91.704166
90.729899
93.335365
93.642775
97.445253
98.341386
99.362714
99.541581
97.29783
94.580387
95.4804
92.880658
92.132821
92.620315
89.325444
92.998763
93.746317
92.854094
94.833192
93.891826
97.928791
98.182984
83.683969
85.276323
81.236298
80.507818
90.230096
75.561492
74.247185
97.476931
89.916302
94.812893
93.259306
97.581262
99.091831
96.588074
95.684053
93.939291
92.825629
93.495074
90.827484
89.368491
88.736067
87.850777
85.995095
97.650985
98.870983
97.162103
95.304685
93.67302
92.020807
87.181702
81.840205
77.256021
73.846562
76.66782
71.83217
68.657191
67.315174
57.065492
54.683292
88.667793
73.84049
74.835932
83.538218
87.217755
90.44171
96.462173
98.2541
95.413592
98.137091
95.794083
97.483173
95.617009
92.716031
94.116675
93.184446
96.882544
93.449567
77.402881
98.925873
76.613461
73.949969
74.03198
84.869934
72.553977
81.551758
69.592574
70.221314
67.553262
66.455562
65.314237
77.051536
74.677785
86.05304
88.596236
91.217443
93.196316
94.528167
97.44703
89.932459
90.06967
98.032221
98.026182
96.472068
86.7718
94.567855
93.313686
92.667841
97.097909
97.713443
99.028082
97.836394
95.886099
94.293368
93.113456
92.606254
91.902108
82.940885
89.377017
88.748208
87.996493
86.328338
85.766302
78.930103
85.218623
71.405364
71.916432
68.889825
70.197992
68.889825
66.788134
64.953048
63.50255
62.50285
61.003474
59.12543
59.592708
57.849915
55.919561
55.34188
68.889825
69.506352
71.583656
73.643122
75.251879
77.793381
81.648194
82.533296
82.016669
82.406719
81.793472
80.759228
79.936522
78.020164
76.905659
76.905659
79.429714
59.712607
63.821576
64.814455
66.111033
67.917719
