T t1 t2 t3 .... N n1 [O1 [1 2 4]] n2[...] .... R : 69.96

6 0 2 10 12 13 1 5 3 
6 1 0 4 7 12 13 11 2 9 10 
11 7 12 4 1 9 10 
15 14 3 12 10 1 4 
4 13 6 5 3 2 16 10 9 0 14 11 
16 14 13 7 6 12 8 11 15 2 1 17 
17 6 12 3 
4 6 1 14 16 19 9 11 18 2 3 10 5 
9 15 
10 5 1 0 3 14 
12 0 15 9 
4 2 17 
10 15 24 23 7 3 13 11 5 17 8 14 12 
12 13 14 18 21 17 25 3 
23 26 17 18 2 
5 11 15 10 8 
20 16 17 2 
8 1 5 29 27 10 21 
23 4 22 12 6 3 20 27 7 18 5 28 29 8 
17 14 
4 25 6 20 
4 1 6 3 6 3 4 5 4 5 1 5 3 5 1 3 5 5 6 1 

Thresholds: [7, 8, 13, 6, 2, 4, 11, 0, 1, 10, 5, 12, 3, 9]
Node 1: [1, 5, 13, 6, 11, 12, 3, 4, 0, 2, 9, 7, 10, 8]
Equation: 1
Node 2: [4, 9, 6, 2, 12, 10, 13, 11, 0, 7, 5, 14, 1]
Equation: 2
Node 3: [9, 13, 6]
Equation: 4
Node 4: [8, 5, 2, 11, 13, 4, 9, 7, 16, 3, 1, 6, 14]
Equation: 5
Node 5: [15, 1, 8, 10, 12, 13, 16]
Equation: 6
Node 6: [3, 10, 14, 8, 1, 15, 2, 0, 7, 12, 18, 4, 9, 5]
Equation: 2
Node 7: [11, 13, 12, 7, 5, 2, 17, 19, 3, 18, 15, 4]
Equation: 4
Node 8: [20, 10, 2, 4, 8, 7, 5, 16, 12, 17, 1, 0, 11, 3]
Equation: 5
Node 9: [0, 13, 8, 4, 6]
Equation: 1
Node 10: [18, 0, 8, 10, 6, 21, 19, 7, 15, 14, 12, 2]
Equation: 5
Node 11: [2, 19, 4, 21, 18, 9, 16, 10, 7, 14, 15]
Equation: 4
Node 12: [9, 17, 8, 12, 3, 10]
Equation: 4
Node 13: [0, 12, 19, 15, 16, 18, 23, 22, 5, 13, 4]
Equation: 5
Node 14: [9, 17, 16, 1, 14, 3, 4, 18]
Equation: 1
Node 15: [2, 4, 10, 3, 24, 17, 20, 14, 23, 27, 16, 22, 12, 6]
Equation: 1
Node 16: [9, 11, 14, 26, 12]
Equation: 3
Node 17: [20, 15, 5, 7, 28, 1, 3, 21]
Equation: 6
Node 18: [19, 15]
Equation: 4
Node 19: [15, 8, 21, 9]
Equation: 5
Node 20: [7, 5, 19]
Equation: 3
51.63390011950839