Thresholds: [9, 12, 11, 1, 13, 3, 8, 4, 7, 0, 2, 14, 10, 5, 6]
Node 1: [5, 12, 4, 7, 11, 13, 8, 10, 3, 6, 0, 2]
Equation: 3
Node 2: [0, 11, 10, 3, 12, 8, 13, 9, 7, 15, 1]
Equation: 1
Node 3: [11, 1, 4, 16, 12, 8, 5, 6, 2, 15]
Equation: 4
Node 4: [15, 3, 0, 10, 16, 4, 14, 11, 2, 6, 8]
Equation: 4
Node 5: [1, 8, 6, 16, 15, 11, 12, 17, 13, 9, 7, 10, 0, 5, 2, 3, 4, 14]
Equation: 4
Node 6: [7, 8, 1, 3, 9, 17, 15, 10, 2, 6, 11, 12, 4, 16]
Equation: 2
Node 7: [0, 5, 13, 15, 4, 2, 1, 18, 10, 14, 6, 12]
Equation: 4
Node 8: [4, 18, 5]
Equation: 1
Node 9: [14, 1, 6, 9, 10, 21, 3, 19, 22, 18, 20]
Equation: 3
Node 10: [22, 7, 8, 13, 10, 18, 5]
Equation: 1
Node 11: [14, 2, 16, 5, 7, 11, 8, 24, 15, 23, 19, 12, 21, 3, 4, 0, 20, 9, 1, 17, 10, 6, 18, 13]
Equation: 3
Node 12: [24, 20, 2, 16, 12, 22, 21, 4, 9, 8, 13, 7, 11, 14, 0, 15, 23, 1, 25]
Equation: 2
Node 13: [0, 11, 18, 6, 12, 3, 5, 14, 2, 23, 19, 1, 24, 8, 7, 15, 4, 10, 16, 22, 20, 21, 13]
Equation: 4
Node 14: [21, 26, 19, 22, 17, 14, 18, 8, 5]
Equation: 3
Node 15: [23, 26, 1, 7, 16, 20, 15, 24, 14, 4, 6, 21, 28, 9, 8, 18, 2, 3, 11, 5, 10, 19, 25]
Equation: 2
Node 16: [3, 18, 28, 6, 23, 21, 11, 29, 4, 13]
Equation: 1
Node 17: [22, 2, 19, 13, 9, 16, 11, 12, 14, 24, 1, 21, 5, 28, 17, 6, 0, 8, 29, 25, 20, 7, 23, 18]
Equation: 1
Node 18: [16, 23, 0, 15, 29]
Equation: 4
Node 19: [26, 28, 14, 0, 18, 23, 4, 15, 19, 17, 32]
Equation: 3
Node 20: [25, 24, 16, 15, 2, 7, 29, 9, 3, 27, 18, 26, 33, 6, 5, 4, 12, 22, 0, 11, 23, 8, 17]
Equation: 1
Node 21: [26, 28, 1, 12, 4, 23, 0, 32, 18, 13, 2, 29, 16, 30, 11, 6, 19, 34, 10, 14, 21, 33, 22, 17, 3, 8, 5]
Equation: 2
Node 22: [12, 3, 19, 15, 24, 6]
Equation: 3
Node 23: [7, 23, 14, 32, 30, 18]
Equation: 3
Node 24: [3, 6, 21, 35, 37, 7, 13, 27, 2, 25, 12, 9, 11]
Equation: 4
Node 25: [6, 22, 2, 3, 24, 29, 21, 12, 15, 8, 20, 16, 4, 0, 38, 33, 34, 28, 32, 9, 17, 37, 5, 25, 26, 23, 13, 35]
Equation: 4
Node 26: [0, 4, 34, 30, 26, 2, 38, 35, 9, 39, 14, 8, 32, 24]
Equation: 2
Node 27: [37, 28]
Equation: 2
Node 28: [21, 24, 26, 37, 13]
Equation: 2
Node 29: [16, 19, 40, 3, 22, 29, 23, 38, 30, 5, 27, 15, 1, 21, 12, 8, 2, 25, 36, 37]
Equation: 4
Node 30: [15, 8, 28, 35, 13, 38, 1, 34, 27, 6, 19, 12, 20, 26, 37, 17]
Equation: 1
Node 31: [6, 36, 24, 29, 23, 38, 4, 12, 40, 16, 32, 41, 11, 28, 2, 27, 33, 42, 9, 13, 3, 44, 10]
Equation: 4
Node 32: [11, 25, 36, 22, 13, 3, 17, 23, 45, 37, 15, 43, 2, 5, 28, 14, 38, 33, 12, 29, 42, 44, 32]
Equation: 4
Node 33: [24, 25, 39, 42, 35, 38, 11, 21, 16, 41, 7, 34, 9, 3, 1, 22, 10, 40, 26]
Equation: 4
Node 34: [25, 14, 16, 27, 18, 30, 46, 13, 10, 37, 39, 31]
Equation: 3
Node 35: [43, 9, 13, 23, 7, 25, 21, 46, 27, 24, 17, 15, 35, 6, 8, 3, 18, 14, 36, 47, 16, 45, 42]
Equation: 3
Node 36: [13, 10, 7, 27, 8, 6, 17, 42, 48, 32, 34, 43, 49, 22]
Equation: 2
Node 37: [31, 46, 43, 11, 16, 44, 18, 12, 41, 2, 49, 33, 35, 17, 39, 0, 42, 38, 27, 47, 34, 7, 5, 37, 6, 50, 20, 9, 26, 1, 29]
Equation: 3
Node 38: [50, 22, 43, 25, 46, 8, 44, 51, 42, 39, 21, 14, 26, 45]
Equation: 3
Node 39: [25, 24, 16, 27, 19, 42, 36, 13, 32, 22, 41, 2, 0, 31, 51, 49, 47, 7, 10, 4, 33, 52, 8, 45, 5, 1, 17, 3, 48, 26, 50, 28, 43, 29, 39, 35, 37]
Equation: 1
Node 40: [44, 1, 22, 7, 51, 40, 32, 53, 10, 33, 52, 15, 9, 23, 18, 46, 24, 50, 41, 25, 8, 45, 20, 16, 0, 6, 3, 34, 48, 17, 31, 11]
Equation: 2
94.72457879044693